343
693
524
171
689
689
667
166
631
163
409
707
83
536
264
558
37
209
736
406
612
397
101
204
308
164
660
730
407
599
592
369
306
305
86
62
28
718
540
697
276
58
535
460
458
605
426
261
426
419
725
664
360
422
179
665
524
406
388
0
606
291
369
709
300
390
173
225
225
386
732
661
386
209
147
721
386
173
680
165
666
739
416
731
648
293
231
361
331
715
677
413
528
211
729
311
295
155
642
178
554
321
344
271
82
180
522
671
213
645
602
532
478
326
471
471
409
564
369
358
34
289
717
564
394
658
670
717
662
349
643
564
512
564
328
652
86
357
661
34
498
655
339
343
165
722
249
146
127
630
503
665
78
92
473
6
32
608
623
211
355
90
475
112
300
276
23
748
21
366
279
627
499
561
685
12
718
307
204
215
604
565
440
142
614
748
591
264
570
673
195
700
581
552
275
339
183
68
281
150
573
669
504
178
347
549
257
555
687
26
628
100
554
3
320
101
717
557
749
302
708
479
384
610
98
44
97
268
174
364
261
417
392
284
654
70
747
118
465
126
393
616
628
31
227
641
223
559
13
379
697
320
85
436
356
640
413
254
329
308
366
622
353
412
628
331
284
739
40
15
540
712
205
152
372
434
296
561
286
139
619
322
137
682
158
401
693
702
377
118
131
323
342
689
563
316
84
595
197
282
639
404
399
699
566
73
602
673
466
152
140
244
442
465
231
576
184
273
557
15
463
463
177
451
153
450
463
216
713
235
26
637
607
637
323
684
210
236
293
667
85
661
375
216
401
389
76
5
648
277
31
236
532
351
651
171
629
555
713
466
249
64
343
148
460
482
103
711
492
461
282
145
437
691
323
528
159
104
383
326
382
357
266
700
388
292
154
212
646
610
431
456
572
365
295
631
437
205
179
128
677
370
53
400
750
686
557
529
2
556
421
347
79
43
633
586
248
316
261
653
686
629
79
607
521
538
378
539
215
132
293
534
344
486
441
330
664
716
528
633
136
446
344
27
49
642
305
420
423
51
105
641
751
601
38
258
74
10
208
13
416
534
630
108
580
217
35
8
643
484
689
226
695
278
585
147
170
666
407
329
167
332
44
29
504
672
173
488
311
671
627
39
405
672
440
489
670
278
488
174
597
737
173
476
106
541
71
519
549
212
362
204
607
695
36
641
201
114
96
462
351
12
614
261
654
393
288
285
321
50
115
577
587
174
167
45
399
415
388
567
282
77
28
117
720
620
690
345
43
620
297
259
394
710
71
330
674
469
181
561
707
441
468
145
426
171
96
409
707
325
107
90
241
256
717
123
468
467
303
38
553
248
39
270
710
629
728
419
671
328
465
525
162
240
390
215
341
640
517
490
601
121
142
198
601
567
708
147
170
80
725
266
572
233
61
263
470
641
464
462
734
267
434
498
111
659
333
5
241
321
341
668
218
318
553
535
374
373
0
163
326
601
181
336
252
110
53
366
641
486
377
269
302
217
163
647
192
149
320
0
373
497
267
569
701
228
325
609
392
294
109
17
702
715
401
294
340
133
30
12
15
52
9
47
237
142
361
67
555
603
516
642
303
230
160
214
379
380
505
342
664
664
490
173
174
350
709
572
636
184
360
599
421
94
24
1
312
369
517
303
202
175
148
133
212
611
606
186
187
84
630
369
620
484
676
288
63
231
347
598
82
668
136
189
482
429
180
479
175
377
174
268
363
32
666
622
359
474
373
99
9
216
701
192
256
166
452
676
615
479
475
740
372
355
537
169
201
664
506
70
337
289
189
421
427
673
692
637
404
411
424
6
72
436
613
507
471
85
704
360
264
657
681
218
644
161
235
524
309
613
246
228
586
733
121
731
287
24
334
428
550
206
289
546
600
46
740
312
315
235
212
307
309
304
280
301
551
543
134
419
572
175
427
725
637
456
563
695
44
641
40
245
750
424
200
305
116
722
408
182
425
541
357
391
184
150
713
440
595
367
650
364
735
58
594
300
682
269
299
651
719
46
749
334
91
155
413
454
335
643
714
375
210
86
663
398
113
417
748
8
350
18
647
454
435
720
427
178
184
376
427
26
630
574
408
214
242
251
508
558
21
374
104
29
89
141
120
668
289
368
424
445
408
444
37
324
202
11
426
400
52
698
587
337
626
186
215
251
325
93
443
64
714
631
166
656
177
514
146
533
374
510
682
371
387
509
94
317
325
101
79
199
742
137
26
429
355
6
537
1
576
460
348
380
486
234
348
426
426
492
345
437
376
510
385
625
492
316
378
225
480
159
212
232
348
144
607
52
587
280
584
117
266
171
435
715
561
631
288
278
246
179
96
425
60
746
564
586
749
697
382
649
255
388
60
92
468
221
636
171
627
383
76
74
108
239
584
284
156
249
453
24
189
252
390
618
452
7
194
217
250
549
283
284
92
265
151
127
15
162
670
148
724
703
34
469
445
42
276
618
415
483
14
170
336
55
253
475
208
444
440
587
348
630
297
680
442
152
718
708
381
533
593
16
254
285
491
589
588
382
646
283
234
508
628
254
227
56
29
298
685
382
115
412
692
487
240
590
359
487
576
350
339
247
449
697
191
45
104
14
148
191
531
615
721
728
260
228
319
108
661
736
73
134
735
153
109
296
525
220
441
47
395
103
514
568
545
619
663
136
560
429
306
204
637
562
449
134
551
317
279
507
199
168
129
676
472
272
236
205
474
649
522
733
324
468
84
96
302
694
582
279
155
511
706
236
598
22
622
341
713
178
340
610
713
196
672
744
94
443
164
377
271
745
200
654
15
76
385
132
634
705
405
327
571
533
684
53
291
53
635
150
644
181
470
357
542
741
517
237
544
451
127
445
145
140
110
193
253
254
735
659
492
8
31
589
144
293
228
372
223
262
516
354
553
14
128
106
18
515
600
585
480
392
690
278
56
352
567
387
188
243
20
571
670
598
57
197
401
473
241
8
575
733
253
112
731
623
326
285
112
350
480
111
355
58
627
436
657
5
478
1
462
691
378
66
160
652
748
265
687
127
81
580
49
127
383
247
391
591
107
248
133
375
561
234
256
693
705
581
386
369
457
273
77
691
472
518
348
105
469
51
457
154
648
544
476
66
449
724
363
215
297
639
184
650
342
314
347
504
134
130
353
192
506
430
684
187
570
455
327
518
425
684
718
232
457
625
196
44
553
638
83
456
285
467
682
18
255
307
230
569
731
459
224
370
695
446
558
439
92
77
101
86
642
381
632
9
70
66
443
115
34
142
463
621
232
546
274
445
63
523
340
345
355
296
78
86
120
711
629
455
432
50
4
573
483
199
308
141
487
538
685
526
527
552
316
432
242
50
661
479
343
298
5
602
716
701
726
559
605
658
22
253
399
249
101
492
727
121
382
378
326
711
279
213
99
579
138
376
500
240
577
209
669
745
130
479
657
315
21
573
33
48
461
368
331
747
301
121
321
224
134
744
146
25
608
496
319
499
565
0
496
477
454
197
408
66
41
314
541
356
87
93
103
466
32
545
93
747
445
229
54
322
87
673
122
432
27
70
355
713
137
17
646
141
88
334
626
141
102
352
320
48
512
205
26
222
592
590
734
59
83
288
284
748
25
74
286
626
554
128
438
389
748
623
493
618
9
477
494
455
404
575
136
641
702
516
271
87
220
190
149
705
666
728
183
52
200
592
2
64
312
257
344
749
675
658
363
85
371
455
431
47
260
527
752
728
566
83
633
283
518
281
583
661
142
138
716
286
523
594
327
175
704
703
195
277
514
290
346
10
67
486
711
542
360
560
242
592
352
159
499
403
363
606
23
88
162
402
307
505
597
247
263
180
371
514
742
639
655
467
2
385
102
13
40
401
119
571
706
725
743
704
302
578
2
624
465
295
109
680
132
241
560
419
45
126
63
491
149
381
260
315
122
519
616
719
752
225
196
238
368
602
225
271
89
442
212
199
304
60
194
611
61
482
115
618
323
712
457
374
529
147
212
370
480
334
738
550
48
221
656
322
371
446
33
615
514
173
467
520
178
554
439
398
158
561
504
99
221
176
543
251
668
582
678
156
545
439
484
165
619
320
147
62
124
535
440
574
292
341
176
608
74
287
206
161
105
106
433
116
68
617
429
597
550
506
464
346
260
466
378
406
429
7
192
293
191
214
353
544
747
295
709
303
334
81
304
102
137
689
206
678
190
491
637
558
339
247
182
457
114
220
123
751
259
608
730
685
274
149
337
33
462
616
158
19
351
360
482
340
563
485
319
97
478
27
17
243
358
339
228
402
728
95
569
90
304
611
727
316
211
428
126
396
657
581
366
505
422
380
676
145
404
194
362
202
671
89
643
739
157
735
576
610
148
151
430
54
517
459
713
272
80
109
65
56
407
10
113
56
106
485
296
479
327
752
752
491
81
14
275
609
242
240
375
23
137
723
488
191
37
354
613
269
414
380
89
655
301
153
322
258
600
299
423
115
28
186
563
113
381
489
632
19
507
346
45
376
706
143
35
699
370
609
651
592
723
430
358
667
324
317
446
529
452
543
64
256
121
461
18
68
572
74
44
11
39
629
125
339
188
651
317
67
618
582
319
290
669
675
230
139
208
25
28
431
331
263
104
698
309
368
302
551
727
162
528
582
422
399
276
603
588
494
489
321
367
211
481
143
130
282
329
244
724
322
525
659
20
230
384
723
31
604
706
200
701
671
304
627
411
556
243
236
45
158
516
645
233
544
206
395
236
447
705
352
316
405
328
98
190
429
498
502
688
80
425
248
203
711
443
207
500
18
465
586
243
575
510
731
494
565
513
250
749
290
590
409
287
502
133
117
603
726
349
484
403
118
562
394
72
323
10
423
264
451
480
114
220
119
743
59
552
574
175
155
244
533
81
556
289
88
356
669
743
129
339
656
702
513
530
132
628
193
742
380
110
292
195
61
270
555
287
143
126
463
393
112
702
240
95
430
712
400
205
434
621
497
415
417
262
669
57
536
665
354
25
525
686
587
746
453
138
142
521
195
413
73
586
700
418
118
418
118
502
44
571
204
16
570
331
24
630
30
708
338
90
730
635
55
90
697
387
155
685
607
313
649
217
652
237
441
407
102
608
242
526
124
308
388
654
346
524
453
201
460
489
743
742
437
313
139
318
376
307
656
507
97
714
579
662
345
417
223
78
547
149
698
100
269
439
317
532
238
19
727
409
241
158
617
222
159
679
255
105
67
135
374
552
226
601
356
135
640
750
311
180
185
600
80
296
163
336
114
208
298
396
286
733
168
548
172
542
617
636
702
596
169
503
727
158
299
413
348
294
379
4
684
750
562
452
365
74
734
8
263
372
750
262
522
724
560
662
535
248
288
440
197
675
655
328
248
459
462
657
305
295
71
89
174
174
698
478
444
724
508
508
608
181
281
636
506
83
179
13
229
505
169
400
37
624
384
149
594
412
566
665
39
742
38
136
260
216
379
22
577
125
397
619
340
5
420
665
140
58
397
649
314
432
3
12
150
635
257
130
638
541
444
349
591
497
624
137
551
315
700
541
741
75
742
585
537
359
231
264
42
600
570
280
649
688
505
653
413
192
367
615
725
619
562
648
308
672
580
578
1
52
581
226
25
481
535
27
685
72
321
151
87
687
534
55
59
268
191
657
281
373
128
346
563
215
433
151
488
128
512
552
150
43
680
351
520
180
178
679
700
579
720
176
98
567
738
609
504
532
60
232
186
521
55
246
234
730
484
628
505
54
663
364
398
717
79
162
674
701
619
547
668
156
679
647
125
461
410
593
19
477
48
107
45
332
487
311
524
653
91
245
659
612
470
252
273
270
605
395
94
406
308
111
255
235
699
677
609
361
27
674
130
350
267
357
705
618
399
711
447
602
601
82
49
617
29
459
509
621
509
314
245
469
593
197
590
574
359
589
216
619
349
237
163
493
229
93
193
544
193
161
707
516
468
93
186
356
469
96
535
736
325
649
264
685
730
297
61
372
459
638
474
138
360
300
351
299
111
133
428
398
184
560
371
261
86
584
558
612
634
681
23
72
721
645
461
284
397
294
425
29
574
264
28
751
300
520
121
383
268
245
559
497
652
717
475
293
318
496
400
709
520
36
118
449
518
183
275
526
595
538
135
515
75
527
624
402
105
86
250
651
168
92
291
663
696
378
140
258
674
497
69
364
662
189
579
381
499
667
736
105
21
49
590
364
75
568
100
222
9
417
301
675
323
671
382
420
621
41
287
283
537
129
176
67
329
61
73
640
54
256
500
256
43
500
75
81
87
104
133
712
712
207
31
20
93
263
393
410
37
578
35
259
747
235
524
65
471
480
38
644
271
157
274
131
365
378
233
622
508
732
313
672
692
255
20
744
500
750
314
16
699
727
580
573
295
24
427
51
280
415
539
459
292
476
262
292
36
533
488
546
66
592
266
586
177
672
313
268
530
140
653
380
559
577
466
509
634
670
239
475
73
675
270
560
1
4
579
569
464
550
218
667
179
722
463
501
60
110
575
592
341
503
36
203
375
23
533
196
472
643
219
385
453
311
31
65
39
599
105
286
338
626
518
345
160
187
354
274
421
541
690
33
428
245
636
404
722
745
214
180
208
629
522
365
616
40
69
276
42
17
434
512
365
352
613
717
728
55
436
332
81
560
218
58
474
252
599
66
563
704
473
435
751
456
445
410
484
189
481
583
130
329
391
362
593
674
35
177
69
300
190
215
589
67
744
574
251
84
435
63
333
716
573
744
11
268
443
431
467
114
138
435
87
43
311
642
483
324
644
644
456
296
628
168
324
625
743
490
381
715
88
276
38
357
37
131
362
141
271
290
661
288
398
102
602
290
548
737
314
254
208
137
278
290
234
64
596
15
729
455
425
344
596
219
589
386
600
275
50
125
439
448
330
450
389
390
62
707
746
222
139
352
116
281
332
513
335
520
155
617
248
433
503
714
219
258
388
28
385
716
32
667
614
669
117
305
598
646
200
27
403
226
699
589
714
635
481
7
648
44
108
364
298
190
614
262
232
467
408
679
80
145
668
389
597
220
458
447
101
246
699
511
603
327
269
78
633
747
87
656
56
575
385
578
367
350
144
261
156
604
50
461
751
53
9
621
38
550
240
304
36
275
359
169
681
325
23
203
606
60
581
610
66
568
529
0
91
272
420
333
318
746
682
164
126
485
61
40
687
564
606
482
679
729
566
416
278
483
543
614
456
224
94
250
338
239
708
430
197
441
568
319
650
383
514
605
8
195
156
625
285
418
46
430
193
245
373
95
206
416
72
403
34
526
330
407
45
606
342
670
190
411
738
738
748
24
554
252
36
450
258
272
696
384
710
299
587
540
469
128
265
496
483
483
480
637
347
110
481
227
218
338
15
249
19
272
581
547
720
499
182
544
307
40
721
609
486
607
188
34
306
157
46
223
658
360
124
610
498
393
747
76
156
56
611
531
3
300
462
294
620
381
343
417
391
189
422
119
624
452
282
303
369
291
663
54
448
152
77
200
183
250
734
326
136
372
401
18
110
239
68
116
161
306
361
71
159
474
476
658
527
176
510
366
150
715
567
344
602
494
209
81
69
331
120
27
280
260
709
371
527
419
402
41
48
274
21
69
336
82
152
548
46
688
201
490
129
418
227
504
443
551
543
662
500
491
535
301
603
210
201
143
55
595
372
448
198
82
606
585
144
723
201
198
266
738
584
478
98
129
652
489
206
695
478
97
374
189
715
233
269
545
734
187
273
450
556
176
119
82
415
387
143
613
108
521
665
691
131
24
330
361
302
452
414
580
741
48
208
103
460
106
531
736
219
458
458
638
472
493
639
122
7
542
649
645
327
531
416
646
1
17
531
333
10
665
566
366
155
63
724
650
726
495
703
599
162
704
715
410
133
547
567
26
376
107
531
114
262
729
283
476
650
160
583
22
356
397
120
85
668
60
581
318
166
404
590
398
218
447
107
394
367
196
439
328
140
690
358
170
750
505
571
163
80
743
165
136
69
286
738
22
635
693
512
539
46
538
62
348
632
368
315
492
58
653
20
214
640
341
3
342
511
85
418
468
287
131
88
678
2
47
512
176
32
71
333
198
143
518
725
211
229
720
521
213
76
536
103
238
103
675
520
191
562
718
400
424
74
354
470
466
4
222
119
471
226
403
451
737
284
93
107
559
71
317
452
367
687
132
742
16
256
709
223
134
50
386
421
274
437
349
599
433
549
190
664
611
655
525
682
568
576
382
97
442
251
210
648
676
662
345
506
659
525
451
718
131
52
12
693
539
473
700
458
666
516
625
513
392
706
327
680
266
597
180
10
738
557
659
521
639
351
143
477
520
487
285
678
449
481
11
728
420
219
252
282
277
61
68
223
311
458
285
529
241
76
568
455
591
368
412
751
537
562
365
676
13
393
296
221
91
614
394
554
466
585
749
267
517
603
3
299
130
166
646
436
605
595
572
202
125
216
106
343
207
188
464
590
696
198
294
185
470
277
326
516
407
455
96
598
696
642
485
65
200
624
135
337
265
75
140
752
277
712
515
441
528
5
109
195
187
7
193
225
47
492
39
291
171
423
576
32
243
139
274
444
656
280
532
623
720
222
353
531
686
88
263
396
723
501
241
90
594
367
401
112
571
529
675
424
410
739
126
102
124
203
417
565
453
468
578
158
444
113
293
716
361
221
523
14
230
551
352
603
503
501
397
635
336
625
239
13
510
193
239
454
484
510
100
410
546
259
223
213
465
350
424
426
545
265
233
586
204
552
503
135
741
210
156
504
152
150
739
681
497
536
366
555
674
72
257
13
370
527
612
227
585
482
135
437
745
79
451
340
239
537
479
436
515
746
221
392
506
273
122
227
739
146
6
78
301
560
444
752
538
11
139
194
506
335
182
152
489
194
474
224
229
321
691
570
698
70
491
259
303
371
170
91
421
540
588
175
494
64
389
55
233
570
273
574
565
17
677
203
292
663
487
258
732
338
33
51
528
332
454
78
403
164
56
721
732
730
670
671
333
688
402
633
634
384
405
88
316
566
623
596
144
77
30
41
153
690
540
23
373
306
543
727
739
551
57
694
107
543
596
398
620
160
600
598
484
336
103
315
345
645
414
128
65
76
16
431
621
705
704
209
210
235
187
740
500
109
636
495
635
566
501
547
79
519
550
634
666
618
508
252
309
141
399
726
493
217
493
514
445
415
710
447
645
362
538
312
596
390
632
523
30
679
186
548
172
228
198
409
722
38
185
476
423
507
495
495
657
267
281
706
593
295
211
499
485
278
238
5
374
353
384
616
49
469
39
238
22
578
719
95
594
433
545
124
678
110
48
11
597
132
471
57
391
259
694
383
14
337
30
163
446
678
692
642
589
355
414
604
631
220
469
438
259
54
737
749
26
237
651
686
454
363
333
319
120
732
647
508
322
257
206
95
177
366
100
73
542
52
249
113
734
94
498
108
313
534
280
552
653
349
392
18
377
229
98
179
154
515
448
714
719
9
230
577
122
312
62
534
530
32
227
99
77
138
318
556
724
347
594
660
522
334
373
154
353
591
647
412
151
437
380
498
490
470
522
591
354
182
488
19
669
663
625
536
213
746
154
151
610
185
297
481
583
733
632
442
509
384
452
564
30
694
141
364
172
429
247
555
177
406
459
390
584
182
30
229
146
701
185
418
632
14
205
556
735
666
721
231
157
337
689
276
498
514
6
100
145
65
559
502
84
263
722
419
615
100
509
358
213
265
422
656
161
179
513
679
113
507
322
91
485
402
309
12
454
707
583
521
646
151
525
482
62
27
219
659
480
489
98
148
187
486
168
542
688
69
449
118
616
251
42
588
315
382
234
639
362
560
272
611
1
394
17
172
217
67
168
597
224
353
501
700
481
33
328
563
68
183
652
620
591
719
313
332
214
330
421
308
549
503
294
644
117
647
267
90
694
207
112
41
744
77
0
502
270
170
638
434
277
231
101
251
318
441
96
741
722
35
585
654
404
161
475
736
111
261
718
569
517
677
335
218
298
63
153
375
677
697
400
378
102
703
672
457
536
359
495
692
726
244
191
358
356
272
16
125
97
125
237
72
562
177
647
80
324
35
391
673
290
123
201
75
461
472
123
622
42
51
46
214
41
49
124
306
194
157
222
11
336
89
194
340
572
596
716
416
519
681
674
2
346
627
494
601
210
622
99
546
3
147
431
447
36
113
122
58
104
4
12
292
598
693
631
202
703
202
396
28
57
83
173
42
331
342
309
662
709
539
588
459
395
250
734
611
314
286
258
546
169
245
660
660
178
7
249
236
512
363
440
730
650
119
696
588
523
557
20
631
277
338
623
115
154
543
148
615
615
84
243
127
184
580
655
712
616
79
710
91
414
513
342
126
534
129
412
106
532
736
195
250
111
593
446
6
640
447
54
57
688
10
640
439
211
587
221
466
681
552
83
365
509
490
696
699
298
357
225
449
172
450
450
207
368
569
196
453
59
279
472
443
536
246
0
490
35
632
686
62
439
144
526
275
306
160
232
115
47
51
42
198
733
84
344
565
199
312
458
146
289
329
633
579
571
70
698
171
626
399
228
522
480
431
732
85
396
708
349
617
411
389
390
464
270
165
196
493
414
703
77
684
695
594
493
704
279
204
639
430
617
312
199
416
588
188
573
363
341
677
573
224
162
553
109
123
673
512
271
733
95
237
723
370
159
325
117
302
192
692
209
194
660
95
638
435
354
53
513
472
199
534
305
500
419
270
428
297
608
435
165
43
202
260
99
166
477
682
282
437
21
650
751
361
116
583
116
25
253
496
254
432
185
181
188
697
167
510
502
157
406
492
165
346
243
533
246
448
170
78
226
65
667
281
540
411
188
388
154
710
37
515
253
409
92
396
396
377
172
570
8
267
745
491
116
226
660
741
660
71
737
247
167
658
599
419
694
595
496
120
613
634
146
262
131
268
434
386
305
654
555
175
64
59
117
335
621
565
168
457
21
620
99
186
413
439
405
580
240
332
427
273
523
142
335
604
298
479
147
185
438
444
343
219
34
735
406
244
94
387
705
496
379
139
379
627
4
303
328
556
422
7
526
119
320
614
43
529
607
403
658
582
63
463
710
689
703
476
231
644
244
605
551
246
428
737
752
16
547
50
431
279
153
729
112
455
548
648
445
622
376
160
238
164
696
541
362
411
741
593
313
82
501
698
548
242
550
577
230
53
539
690
124
309
737
233
540
688
397
335
412
320
731
275
740
138
405
375
289
448
575
134
392
578
693
29
549
523
432
127
681
752
731
47
687
462
567
582
104
549
232
408
57
257
655
695
207
740
495
203
120
518
680
745
257
207
745
694
451
583
181
291
686
701
164
182
740
149
512
541
111
299
575
394
59
673
664
334
25
40
510
255
470
89
519
213
719
423
351
721
551
630
465
197
626
429
433
408
203
653
407
337
486
604
473
269
568
423
164
121
385
420
123
220
132
359
595
51
654
652
691
22
242
623
707
511
283
519
402
33
41
319
301
553
29
473
297
638
676
471
167
393
634
473
31
690
370
743
387
92
411
464
605
511
145
740
432
19
358
726
20
304
420
626
253
330
2
502
123
612
633
720
338
114
317
169
497
582
49
169
519
726
577
511
283
422
217
448
651
643
528
706
426
684
167
4
135
708
21
70
557
624
517
687
692
247
255
702
68
439
123
711
559
265
238
579
235
436
691
205
389
725
576
224
729
244
167
532
153
324
192
157
515
558
449
537
678
129
719
209
59
266
604
159
732
329
98
557
477
729
744
216
735
323
97
287
584
75
524
3
643
636
108
161
584
183
144
403
552
569
495
172
629
546
609
612
527
347
73
544
562
291
613
714
501
410
234
181
197
122
746
166
488
254
680
183
460
