# Input: ./data/ca-GrQc.txt
# Nodes: 5242    Edges: 14484
# Algoritm: Clauset-Newman-Moore
# Modularity: 0.815882
# Communities: 421
# NId	CommunityId
3466	0
937	0
8579	0
15931	0
17038	0
18720	0
19607	0
1796	0
3386	0
24199	0
20122	0
14534	0
4708	0
14007	0
25916	0
16159	0
25486	0
20827	0
23614	0
17309	0
24833	0
543	0
1958	0
2193	0
3917	0
6858	0
8148	0
9092	0
12478	0
15366	0
18125	0
18398	0
19675	0
21806	0
23693	0
26196	0
8978	0
9017	0
15170	0
15455	0
16589	0
2255	0
3056	0
6158	0
7307	0
7324	0
8365	0
9023	0
11444	0
12324	0
12472	0
13831	0
14746	0
16128	0
17075	0
18875	0
19900	0
20000	0
20806	0
21944	0
21968	0
23302	0
23665	0
23758	0
24722	0
12045	0
12287	0
14181	0
20257	0
21613	0
25286	0
7985	0
16994	0
21075	0
7188	0
896	0
921	0
1508	0
6815	0
8279	0
13008	0
18605	0
21158	0
4416	0
2620	0
13190	0
3197	0
6160	0
8589	0
9417	0
14924	0
15972	0
17228	0
18940	0
19090	0
19475	0
20207	0
22644	0
22790	0
24001	0
25228	0
16976	0
1817	0
3725	0
5366	0
15911	0
1425	0
7105	0
23841	0
15829	0
22876	0
352	0
10555	0
15850	0
20533	0
21943	0
22603	0
23513	0
25034	0
1280	0
5851	0
11591	0
13520	0
16921	0
21646	0
17559	0
1674	0
3323	0
8680	0
9184	0
13813	0
19204	0
19206	0
19657	0
20373	0
23204	0
409	0
2474	0
6746	0
10791	0
15608	0
6154	0
7725	0
13705	0
15435	0
10588	0
3916	0
4525	0
5352	0
5729	0
10490	0
15311	0
23134	0
24614	0
7069	0
21723	0
1000	0
1149	0
1694	0
4575	0
5605	0
6288	0
12016	0
12070	0
13469	0
16101	0
18250	0
20667	0
23344	0
23939	0
25402	0
25948	0
3006	0
3630	0
5901	0
5953	0
7911	0
8730	0
10406	0
12874	0
13177	0
16817	0
19723	0
24885	0
1877	0
2042	0
15880	0
19710	0
20014	0
23163	0
23225	0
3683	0
3845	0
6748	0
14664	0
16065	0
16963	0
20650	0
4032	0
5194	0
23137	0
11495	0
12842	0
14308	0
5166	0
5597	0
9066	0
20787	0
23836	0
25050	0
5287	0
17273	0
114	0
2348	0
6631	0
8854	0
4290	0
8200	0
11113	0
12302	0
21017	0
7882	0
22826	0
14403	0
4351	0
5695	0
573	0
1430	0
4966	0
19493	0
4782	0
15582	0
17472	0
19707	0
21930	0
24835	0
24009	0
283	0
1880	0
5505	0
15959	0
15961	0
24444	0
302	0
2335	0
6702	0
11490	0
16108	0
17174	0
17924	0
2155	0
4283	0
6408	0
7715	0
5835	0
8376	0
8888	0
13067	0
4213	0
7045	0
11892	0
20645	0
23264	0
10600	0
13493	0
13496	0
18788	0
18791	0
23394	0
22462	0
1685	0
1321	0
16953	0
20191	0
25934	0
13384	0
4896	0
12927	0
6264	0
22144	0
7277	0
16766	0
16770	0
16858	0
17113	0
17389	0
18408	0
19089	0
20033	0
23429	0
24578	0
12491	0
24149	0
135	0
1776	0
4102	0
12311	0
12675	0
15816	0
19945	0
26176	0
1550	0
20952	0
24280	0
9511	0
17187	0
18736	0
19791	0
1229	0
1862	0
3194	0
3532	0
5400	0
7154	0
9946	0
10381	0
11107	0
17934	0
22721	0
24129	0
20089	0
25358	0
6832	0
19557	0
1090	0
3990	0
4635	0
4759	0
15166	0
24860	0
17859	0
12040	0
1217	0
1611	0
2165	0
3944	0
6033	0
14430	0
20495	0
21638	0
21708	0
22242	0
23233	0
3501	0
16278	0
24705	0
26005	0
7246	0
17240	0
25091	0
4135	0
16498	0
1736	0
1914	0
7586	0
14424	0
19462	0
25516	0
24183	0
2184	0
3193	0
4371	0
15998	0
23866	0
26004	0
15198	0
18067	0
18297	0
19781	0
2789	0
6641	0
15920	0
18233	0
24582	0
24583	0
15960	0
15974	0
17564	0
18782	0
23883	0
4878	0
5184	0
8643	0
11967	0
21779	0
24503	0
24942	0
81	0
1029	0
3819	0
122	0
6530	0
6707	0
6911	0
15479	0
3524	0
19927	0
7281	0
25597	0
18331	0
17911	0
26127	0
2912	0
4483	0
6175	0
8310	0
6533	0
8155	0
14165	0
24204	0
25911	0
24506	0
24595	0
6434	0
21162	0
11979	0
16274	0
22722	0
183	0
15971	0
5848	0
23149	0
4442	0
7935	0
25896	0
16485	0
3034	0
6156	0
18381	0
19686	0
20335	0
22523	0
2877	0
3876	0
7481	0
9338	0
12611	0
12861	0
15175	0
22493	0
4301	0
16265	0
21614	0
7578	0
1859	0
4298	0
15192	0
17274	0
18941	0
20902	0
22879	0
18215	0
19051	0
21125	0
1098	0
16107	0
26171	0
8150	0
4781	0
6081	0
6919	0
19358	0
23616	0
4117	0
16471	0
4422	0
13346	0
5601	0
5078	0
25172	0
5519	0
5730	0
11047	0
15252	0
26167	0
13389	0
12453	0
21156	0
10000	0
21634	0
851	0
2713	0
16837	0
18032	0
19568	0
20004	0
1341	0
1408	0
4273	0
5259	0
7355	0
9143	0
14357	0
16332	0
19940	0
853	0
8441	0
16070	0
16087	0
17231	0
19434	0
23944	0
24499	0
23681	0
23727	0
14647	0
17599	0
19442	0
19356	0
1499	0
20261	0
24002	0
23653	0
5862	0
7959	0
18973	0
19207	0
19580	0
3136	0
9248	0
11108	0
13966	0
4189	0
16234	0
17251	0
18373	0
20557	0
19871	0
25526	0
21588	0
19895	0
5812	0
17248	0
20618	0
20853	0
20924	0
11066	0
18684	0
19501	0
20942	0
2182	0
3553	0
15571	0
10918	0
20253	0
22105	0
1073	0
18399	0
9095	0
12043	0
18742	0
22890	0
26044	0
8876	0
10990	0
124	0
14319	0
15663	0
16937	0
18052	0
20258	0
9151	0
25856	0
19642	0
7592	0
8179	0
21653	0
3594	0
10024	0
23713	0
10376	0
15325	0
20344	0
2001	0
3633	0
23064	0
23686	0
864	0
1311	0
3983	0
9913	0
22382	0
8732	0
10022	0
14932	0
16659	0
22377	0
12696	0
14869	0
4458	0
5547	0
5659	0
7883	0
8387	0
12313	0
15160	0
19325	0
21205	0
22831	0
6807	0
2075	0
3873	0
4182	0
10439	0
24398	0
1045	0
6265	0
5402	0
15947	0
4640	0
19248	0
9266	0
2750	0
20668	0
179	0
547	0
1829	0
1982	0
3178	0
4989	0
18870	0
20062	0
22464	0
9769	0
22489	0
25204	0
385	0
1323	0
1606	0
7072	0
9890	0
12849	0
14377	0
18234	0
22225	0
23506	0
23620	0
24332	0
12106	0
22830	0
2356	0
17419	0
3772	0
24219	0
750	0
19641	0
16872	0
7695	0
3827	0
8595	0
14691	0
3452	0
6442	0
9968	0
14383	0
14652	0
17681	0
20587	0
21592	0
2503	0
5465	0
18141	0
20663	0
7024	0
17393	0
17827	0
13191	0
18344	0
3850	0
9128	0
113	0
4103	0
12312	0
17994	0
20947	0
26021	0
1436	0
20064	0
20331	0
21154	0
25449	0
17818	0
19697	0
23219	0
23809	0
4425	0
7278	0
14559	0
2459	0
6380	0
1025	0
1026	0
1696	0
15197	0
18195	0
13832	0
23418	0
15898	0
11924	0
25437	0
12547	0
25181	0
3431	0
2142	0
13283	0
23858	0
24601	0
20260	0
5415	0
16800	0
1966	0
8048	0
15717	0
1860	0
7638	0
7648	0
19810	0
14841	0
14176	0
16415	0
7046	0
14710	0
15682	0
17157	0
23093	0
10346	0
15687	0
19143	0
19383	0
6291	0
8452	0
4825	0
8037	0
9593	0
14621	0
19608	0
15250	0
15589	0
4836	0
13010	0
2487	0
3052	0
6711	0
16232	0
22725	0
14991	0
15200	0
15617	0
19102	0
3383	0
12263	0
2806	0
9209	0
11926	0
1427	0
11037	0
8367	0
1024	0
12552	0
16513	0
5533	0
9988	0
14620	0
16801	0
13387	0
22048	0
14639	0
9631	0
10898	0
17581	0
9979	0
18094	0
8870	0
20066	0
5829	0
5233	1
10310	1
10841	1
13056	1
14982	1
23855	1
24372	1
24814	1
6864	1
10268	1
21048	1
3441	1
16020	1
615	1
743	1
2076	1
4515	1
5773	1
11604	1
15814	1
16083	1
17932	1
13026	1
13205	1
26023	1
10590	1
24696	1
6627	1
18676	1
23689	1
12334	1
7893	1
593	1
9360	1
12627	1
16778	1
18037	1
18051	1
13385	1
19578	1
12386	1
13333	1
23896	1
21776	1
18208	1
1172	1
5674	1
26194	1
375	1
1838	1
12733	1
19159	1
18592	1
22765	1
12606	1
9710	1
3345	1
3430	1
5266	1
5995	1
7999	1
8047	1
8178	1
8868	1
10824	1
15144	1
19107	1
19806	1
22439	1
23304	1
24431	1
245	1
4983	1
13480	1
14562	1
15912	1
19974	1
22245	1
414	1
13713	1
14818	1
26190	1
15123	1
8069	1
26098	1
10463	1
10526	1
11788	1
17746	1
18189	1
21438	1
22611	1
26038	1
3265	1
3998	1
8513	1
10501	1
13029	1
13622	1
13682	1
16324	1
16640	1
16749	1
26059	1
26065	1
12308	1
15935	1
18276	1
11372	1
5769	1
14690	1
749	1
1373	1
3607	1
7245	1
8031	1
15907	1
19164	1
11400	1
15353	1
3449	1
17950	1
18522	1
9273	1
9325	1
14606	1
1840	1
4713	1
6824	1
12492	1
1672	1
8079	1
11461	1
16755	1
19355	1
22018	1
25660	1
3948	1
4013	1
546	1
8641	1
19922	1
1968	1
9082	1
9306	1
15942	1
408	1
13834	1
17149	1
23145	1
3743	1
839	1
2394	1
7098	1
12642	1
21184	1
15821	1
22100	1
11325	1
11318	1
12720	1
25729	1
12743	1
21712	1
13501	1
16216	1
17990	1
4139	1
5698	1
9659	1
10496	1
11713	1
20002	1
25598	1
25607	1
25661	1
4138	1
11328	1
10878	1
26020	1
1822	1
6503	1
3773	1
12887	1
21695	1
6635	1
9216	1
19019	1
22507	1
21289	1
4247	1
4250	1
8726	1
9491	1
11379	1
11405	1
15196	1
15938	1
17126	1
17764	1
8786	1
14078	1
4269	1
26159	1
11609	1
12118	1
1008	1
2185	1
8369	1
11824	1
12066	1
16888	1
20808	1
21815	1
16225	1
21404	1
26058	1
1787	1
1279	1
14550	1
4289	1
9135	1
12160	1
19809	1
12712	1
14324	1
21409	1
17124	1
25719	1
21615	1
19980	1
5957	1
7716	1
11233	1
14090	1
18397	1
25541	1
2249	1
6077	1
6611	1
8672	1
19955	1
21832	1
3316	1
9759	1
11865	1
855	1
4261	1
7772	1
4104	1
4431	1
4967	1
11152	1
15616	1
16262	1
18995	1
22087	1
22109	1
22839	1
23683	1
9922	1
2504	1
19585	1
18899	1
6455	1
19801	1
65	1
358	1
13035	1
16110	1
26130	1
25089	1
22888	1
164	1
2386	1
3073	1
13683	1
21203	1
21778	1
26042	1
3451	1
7038	1
23775	1
11012	1
5483	1
18884	1
22727	1
5629	1
10499	1
16718	1
25599	1
5365	1
71	1
12745	1
18558	1
1793	1
5481	1
10497	1
357	1
23300	1
24960	1
18455	1
1854	2
495	2
9458	2
17968	2
3875	2
2655	2
20008	2
25866	2
4583	3
19084	3
10468	3
8398	3
9327	3
9867	3
4037	3
25663	3
9572	4
16310	4
19640	4
5052	4
899	4
2287	4
3096	4
5346	4
5740	4
6094	4
10235	4
15159	4
16148	4
18235	4
18549	4
20511	4
24371	4
24559	4
24731	4
25271	4
25396	4
7689	4
7926	4
12971	4
20421	4
22393	4
339	4
624	4
3731	4
4743	4
5407	4
6610	4
6700	4
9099	4
15184	4
23577	4
23649	4
24293	4
25201	4
22457	4
17626	4
19738	4
8916	4
13556	4
14485	4
20100	4
11082	4
2710	4
260	4
2959	4
3677	4
5172	4
5541	4
5794	4
5807	4
8458	4
10601	4
11401	4
13659	4
13989	4
14009	4
14599	4
15301	4
18757	4
20934	4
21543	4
22184	4
23647	4
23708	4
26051	4
26100	4
5435	4
23559	4
3032	4
5302	4
7383	4
7442	4
7768	4
13276	4
17266	4
22415	4
10794	4
7050	4
25850	4
10113	4
10657	4
12130	4
17172	4
4846	4
676	4
824	4
2133	4
2654	4
4748	4
10549	4
12928	4
13220	4
14419	4
17330	4
17439	4
18487	4
20850	4
22779	4
23382	4
24029	4
11785	4
4046	4
5262	4
12678	4
934	4
5579	4
9755	4
10550	4
16032	4
17331	4
17603	4
20644	4
22497	4
23387	4
23907	4
25080	4
1339	4
3164	4
15580	4
16393	4
20478	4
20956	4
3890	4
5621	4
8824	4
11613	4
12306	4
12860	4
14547	4
21707	4
7899	4
8208	4
16389	4
18109	4
18365	4
23038	4
25379	4
13740	4
4550	4
4702	4
7264	4
13096	4
14128	4
19489	4
19527	4
19784	4
22476	4
25006	4
26	4
1407	4
1488	4
8219	4
10762	4
11801	4
12665	4
12688	4
13142	4
15108	4
15321	4
20647	4
20879	4
3909	4
17979	4
7459	4
22598	4
888	4
1520	4
6468	4
7007	4
7712	4
10711	4
13614	4
14102	4
18517	4
23351	4
24114	4
5993	4
1254	4
3420	4
10130	4
2250	4
3243	4
7717	4
11015	4
12085	4
13714	4
14767	4
16056	4
17414	4
18971	4
19216	4
20534	4
25205	4
1248	4
1403	4
2368	4
2420	4
16210	4
2307	4
6934	4
21432	4
1375	4
2846	4
5555	4
5564	4
5787	4
9721	4
10158	4
10942	4
13600	4
13929	4
21316	4
22900	4
23637	4
23770	4
25601	4
25980	4
3561	4
17778	4
2556	4
21699	4
25382	4
10620	4
4383	4
14344	4
21379	4
24163	4
3679	4
5712	4
13955	4
14003	4
15235	4
18227	4
19445	4
19495	4
20168	4
23967	4
15399	4
21287	4
23227	4
4624	4
5355	4
6863	4
12968	4
21322	4
22265	4
22336	4
23880	4
25111	4
17850	4
20620	4
12380	4
14638	4
6895	4
3076	4
8972	4
17308	4
21629	4
16123	4
5840	4
6732	4
8614	4
13847	4
15081	4
22609	4
3310	4
5143	4
9735	4
17396	4
26138	4
18001	4
22177	4
25480	4
2501	4
2823	4
5136	4
7317	4
9127	4
14615	4
17089	4
19454	4
22758	4
3207	4
7125	4
20683	4
25419	4
2591	4
8932	4
9188	4
19179	4
7042	4
9269	4
11661	4
21994	4
9943	4
10096	4
15614	4
16368	4
17285	4
21407	4
8715	4
21142	4
21167	4
811	4
11919	4
17021	4
19517	4
22989	4
2127	4
11712	4
10871	4
16106	4
17207	4
17670	4
18286	4
18612	4
19234	4
19724	4
3412	4
894	4
5441	4
5717	4
5934	4
9075	4
10623	4
11223	4
11491	4
12659	4
14351	4
19807	4
21324	4
21665	4
22734	4
22778	4
25698	4
7615	4
12806	4
1620	4
3922	4
9133	4
9895	4
9907	4
11791	4
18457	4
19131	4
19997	4
21491	4
22791	4
25316	4
16568	4
24620	4
11275	4
18540	4
13801	4
21754	4
17721	4
24587	4
16967	4
2742	4
3965	4
5622	4
7855	4
8928	4
8968	4
18375	4
8335	4
1104	4
5427	4
13322	4
13529	4
18619	4
18751	4
953	4
17794	4
23297	4
15244	4
24453	4
4249	4
23441	4
24113	4
6421	4
8224	4
11182	4
11696	4
12286	4
23423	4
1006	4
16414	4
4697	4
3007	4
22082	4
25537	4
574	4
6971	4
13282	4
15409	4
18745	4
18758	4
21497	4
22366	4
3999	4
8211	4
12373	4
20059	4
8920	4
23256	4
1078	4
5164	4
9387	4
11640	4
12545	4
13371	4
17116	4
19741	4
22149	4
16331	4
19184	4
15625	4
15917	4
18140	4
18790	4
24110	4
4466	4
8505	4
16357	4
20116	4
20148	4
22899	4
25710	4
4068	4
9517	4
11630	4
11700	4
11733	4
11951	4
12268	4
14093	4
15685	4
16006	4
16495	4
17135	4
20169	4
22188	4
22189	4
22621	4
22811	4
22975	4
23110	4
23509	4
23552	4
23805	4
23806	4
25557	4
25562	4
7801	4
11868	4
25209	4
14371	4
17443	4
141	4
8408	4
17286	4
5246	4
10524	4
12337	4
15419	4
15066	4
25378	4
12389	4
15718	4
16506	4
21650	4
22502	4
482	4
3411	4
4428	4
5392	4
6317	4
7541	4
15664	4
16469	4
17665	4
20424	4
24734	4
8206	4
12865	4
17688	4
3826	4
12369	4
13498	4
19111	4
22239	4
23943	4
22530	4
13321	4
16958	4
23346	4
2848	4
10552	4
12884	4
18511	4
25988	4
22371	4
1058	4
2614	4
3730	4
10801	4
14661	4
21321	4
22376	4
24295	4
2783	4
9408	4
7204	4
12247	4
19433	4
17359	4
23558	4
6828	4
25319	4
9629	4
7087	4
9984	4
10153	4
10543	4
10967	4
16336	4
20435	4
20479	4
21433	4
25569	4
25783	4
7039	4
12166	4
14970	4
10983	4
4642	4
16708	4
8231	4
9616	4
1519	4
8768	4
9937	4
24270	4
25435	4
5181	4
21608	4
23092	4
5444	4
11734	4
13931	4
21549	4
25615	4
25125	4
7522	4
9944	4
17086	4
21341	4
16010	4
22696	4
25585	4
11093	4
2915	4
15209	4
15669	4
6375	4
10519	4
13624	4
4023	4
13647	4
19146	4
22699	4
23622	4
25057	4
5488	4
12735	4
3312	4
11493	4
8630	4
16521	4
20517	4
5209	4
24057	4
6095	4
7446	4
25236	4
80	4
8742	4
23063	4
11416	4
8552	4
1595	4
1910	4
2293	4
4554	4
9316	4
17939	4
21587	4
24160	4
25354	4
8305	4
22771	4
2080	4
4069	4
5385	4
1588	4
2805	4
8063	4
9419	4
6351	4
1327	4
6738	4
10825	4
25863	4
9255	4
20065	4
22917	4
23910	4
25572	4
25582	4
193	4
9993	4
10819	4
12149	4
20129	4
23114	4
19350	4
25959	4
727	4
16649	4
19469	4
1109	4
10655	4
12742	4
18445	4
4052	4
195	4
17208	4
19168	4
20119	4
21929	4
10879	4
11925	4
15082	4
8787	4
3982	4
9090	4
17543	4
18723	4
21090	4
24589	4
7573	4
8193	4
16576	4
16889	4
18521	4
21391	4
16765	4
17017	4
17161	4
2341	4
3508	4
12641	4
13068	4
23723	4
9713	4
1963	4
364	4
396	4
13616	4
15214	4
10652	4
17984	4
22147	4
22979	4
24592	4
11806	4
8678	4
21798	4
3631	4
23901	4
11629	4
17099	4
950	4
17131	4
5497	4
3037	4
9712	4
5477	4
13497	4
14496	4
19457	4
11841	4
4211	4
7104	4
11670	4
11876	4
17808	4
24121	4
25962	4
21546	4
12868	4
17180	4
17738	4
18154	4
1594	4
15382	4
15172	4
17289	4
23051	4
9125	4
15943	4
15626	4
1093	4
3059	4
9649	4
10251	4
25903	4
13199	4
2169	4
5938	4
16084	4
18724	4
18739	4
19581	4
20954	4
23991	4
12056	4
2761	4
15329	4
8864	4
16131	4
16235	4
16280	4
17137	4
23810	4
6390	4
9763	4
9893	4
20526	4
18580	4
18623	4
20217	4
25436	4
17797	4
1667	4
7386	4
17401	4
20315	4
23741	4
9986	4
11719	4
2059	4
21800	4
9392	4
24252	4
16349	4
17191	4
1350	4
7811	4
25272	4
4027	4
7450	4
836	4
16747	4
18193	4
17294	4
2309	4
6532	4
8553	4
939	4
1834	4
5056	4
13664	4
14037	4
16940	4
19613	4
18447	4
21165	4
16011	4
22929	4
22993	4
18489	4
6190	4
10656	4
11002	4
11403	4
20106	4
24060	4
25610	4
22693	4
23920	4
8222	4
21495	4
14619	4
2622	4
15253	4
23412	4
25443	4
23299	4
8871	4
17090	4
19562	4
24477	4
10026	4
15316	4
17249	4
4376	4
18246	4
3718	4
7511	4
6642	4
17277	4
18209	4
7025	4
9217	4
1992	4
4625	4
12296	4
20959	4
19060	4
8877	4
9335	4
25235	4
3292	4
10391	4
866	4
17825	4
20173	4
13864	4
8541	4
16729	4
2049	4
9915	4
4469	4
22487	4
25891	4
3685	4
10445	4
21594	4
19703	4
11898	4
1028	4
9924	4
12262	4
320	4
1897	4
5602	4
6024	4
17464	4
17590	4
18042	4
21315	4
22770	4
2352	4
16155	4
22394	4
12644	4
20528	4
1561	4
4484	4
22379	4
21558	4
19683	4
22744	4
21544	4
7090	4
8976	4
3910	4
3053	4
4750	4
19147	4
20174	4
11792	4
16831	4
19110	4
23306	4
18091	4
24456	4
25176	4
18772	4
20515	4
4242	4
10446	4
4472	5
6376	5
9124	5
10597	5
16741	5
19297	5
25102	5
1658	5
20886	5
23186	5
23298	5
23945	5
3939	5
7350	5
1727	5
5672	5
24924	5
7510	5
197	5
8851	5
1343	5
2991	5
8299	5
15416	5
18088	5
8701	5
523	5
5464	5
7774	5
17379	5
18008	5
23385	5
25868	5
26170	5
1310	5
2922	5
3651	5
6891	5
10162	5
11112	5
13174	5
14864	5
17536	5
23153	5
1832	5
9397	5
14385	5
4700	5
5606	5
1386	5
1738	5
2566	5
2720	5
5634	5
9870	5
16779	5
24475	5
25931	5
9773	5
4241	5
4493	5
14627	5
23720	5
930	5
3946	5
4760	5
17189	5
7895	5
11863	5
12110	5
20716	5
13653	5
22599	5
23066	5
3765	5
14500	5
17918	5
3418	5
4798	5
12866	5
20196	5
1497	5
6724	5
16890	5
2630	5
7563	5
17392	5
23503	5
639	5
1941	5
5227	5
7015	5
9647	5
12852	5
15846	5
16333	5
4576	5
6941	5
7206	5
7485	5
9389	5
9426	5
10246	5
11026	5
17953	5
18946	5
18983	5
19013	5
23458	5
23986	5
23714	5
10896	5
20915	5
22848	5
140	5
17304	5
18587	5
19404	5
24122	5
14967	5
25152	5
25408	5
11891	5
20243	5
19233	5
733	5
20597	5
3171	5
19149	5
7824	5
8815	5
12065	5
14558	5
15306	5
15400	5
22528	5
22832	5
10478	5
16675	5
8378	5
11821	5
21469	5
11944	5
16429	5
25784	5
25571	5
3526	5
15786	5
215	5
185	5
351	5
1074	5
1858	5
4512	5
6892	5
8280	5
14542	5
17751	5
18095	5
18143	5
18649	5
18943	5
19573	5
22601	5
22793	5
3877	5
4354	5
5412	5
6544	5
7357	5
7719	5
10477	5
11445	5
12788	5
18185	5
19246	5
19463	5
20780	5
21861	5
22284	5
22741	5
23514	5
2926	5
22275	5
6023	5
19682	5
887	5
3721	5
9634	5
14781	5
18972	5
25321	5
3821	5
17991	5
5827	5
6527	5
10881	5
5367	5
14983	5
19144	5
1105	5
14985	5
18625	5
23267	5
20550	5
9093	5
13680	5
1985	5
21657	5
6913	5
18217	5
26173	5
4712	5
11017	5
6878	5
11528	5
22244	5
11812	5
24248	5
13604	5
2124	5
29	5
16751	5
1857	5
3967	5
12053	5
880	5
15186	5
25904	5
19223	5
748	5
19450	5
11611	5
20779	5
1915	5
10850	5
3754	5
8185	5
16496	5
5062	5
19881	5
6078	5
10427	6
20595	6
20613	6
24939	6
4364	6
1116	6
12101	6
491	6
1124	6
1818	6
4552	6
5739	6
6823	6
13328	6
17039	6
17082	6
22028	6
23454	6
3681	6
7126	6
24718	6
18904	6
2190	6
6172	6
8592	6
14933	6
13970	6
9471	6
14834	6
17944	6
20884	6
200	6
492	6
6708	6
7013	6
8151	6
9020	6
9021	6
9208	6
9722	6
16719	6
16882	6
17016	6
17022	6
19586	6
19678	6
24861	6
11861	6
6465	6
11563	6
15891	6
17385	6
1023	6
1675	6
2512	6
3058	6
11815	6
23420	6
19464	6
23968	6
7524	6
8721	6
15005	6
15372	6
16022	6
18685	6
22083	6
5542	6
4080	6
14747	6
17463	6
19324	6
21550	6
24220	6
25179	6
25553	6
25554	6
1267	6
1511	6
18102	6
23248	6
3321	6
1151	6
2410	6
3843	6
6301	6
10247	6
15414	6
18743	6
22032	6
22903	6
23674	6
24294	6
24706	6
25998	6
2087	6
2993	6
4377	6
6271	6
7023	6
13404	6
1563	6
2457	6
3534	6
4639	6
5065	6
6387	6
14379	6
15145	6
15562	6
15708	6
15714	6
15805	6
17345	6
17580	6
17584	6
18396	6
18952	6
19677	6
20231	6
23241	6
24616	6
24617	6
24819	6
1157	6
16334	6
8504	6
21152	6
6305	6
7726	6
14870	6
14872	6
20316	6
1493	6
2452	6
3811	6
9027	6
14153	6
4488	6
15913	6
914	6
2243	6
3442	6
5162	6
18633	6
18278	6
4959	6
6867	6
9018	6
14374	6
18299	6
19687	6
4822	7
18600	7
14265	7
392	7
2485	7
3173	7
3593	7
3853	7
3927	7
3937	7
5107	7
5218	7
6030	7
7504	7
7601	7
8718	7
9522	7
12691	7
15251	7
16261	7
17156	7
18622	7
19059	7
19525	7
20432	7
21866	7
22074	7
23721	7
8710	7
22483	7
9829	7
22426	7
2081	7
2664	7
12212	7
13528	7
14628	7
22574	7
25872	7
1545	7
2202	7
15206	7
17233	7
18158	7
21317	7
24271	7
8547	7
10919	7
15600	7
16644	7
24568	7
25996	7
4952	7
16899	7
17843	7
8134	7
12687	7
23409	7
4433	7
5125	7
7625	7
10895	7
11899	7
13711	7
16162	7
16475	7
19167	7
19387	7
21089	7
21727	7
23863	7
25565	7
6219	7
18160	7
16607	7
5116	7
17306	7
18161	7
10956	7
2350	7
2385	7
20783	7
25405	7
20230	7
4775	7
7095	7
9138	7
20229	7
269	7
1150	7
8128	7
9974	7
24126	7
25648	7
11032	7
10719	7
2200	7
20052	7
4638	7
23909	7
18237	7
19219	7
2936	7
10354	7
18905	7
21563	7
12664	7
4302	7
8475	7
19022	7
26181	7
5636	7
17988	7
5655	7
2771	7
5417	7
13352	7
13619	7
18585	7
20513	7
16213	7
20383	7
24870	7
13999	7
15657	7
11034	7
18764	7
22433	7
7645	7
19078	7
20427	7
8520	7
16177	7
21100	7
6629	7
15384	7
17612	7
11468	7
11470	7
17804	7
16335	7
14067	7
20086	7
21772	7
15715	7
15191	7
8122	7
18066	7
12787	7
21621	7
24877	7
93	7
17343	7
20328	7
9103	7
10684	7
2074	7
10996	7
19080	7
25540	7
10004	7
25234	7
21293	7
18586	7
27	7
11114	7
19081	7
24726	7
23135	7
3964	7
4018	7
9414	7
12640	7
16608	7
18597	7
11502	7
11903	7
12157	7
12158	7
24210	7
22738	7
192	7
7094	7
19256	7
510	7
22285	7
22746	7
10352	7
677	7
4426	7
23214	8
6513	8
25138	8
17275	8
8045	9
9785	9
15784	9
18719	9
10243	9
6774	9
8049	9
8053	9
8517	9
11964	9
15538	9
16694	9
18648	9
19423	9
21012	9
22691	9
23452	9
16174	9
2949	9
8612	9
9482	9
10822	9
11175	9
14004	9
15003	9
15552	9
20001	9
23481	9
10039	9
17268	9
45	9
46	9
570	9
773	9
1653	9
2212	9
2741	9
2952	9
3372	9
4164	9
4511	9
4513	9
6179	9
6830	9
7956	9
8879	9
11241	9
11472	9
12365	9
12496	9
12781	9
12851	9
14540	9
14807	9
15659	9
17655	9
17692	9
18894	9
19961	9
20108	9
20562	9
20635	9
21281	9
21508	9
21847	9
22887	9
23293	9
24955	9
25346	9
25758	9
12422	9
13364	9
3872	9
5109	9
7533	9
12409	9
20101	9
23096	9
5510	9
178	9
20641	9
231	9
345	9
1186	9
1234	9
1841	9
1997	9
2404	9
2450	9
2980	9
3409	9
5134	9
5578	9
8503	9
9341	9
9889	9
12503	9
13060	9
13597	9
16611	9
18543	9
18866	9
22421	9
22937	9
23363	9
23628	9
25053	9
25251	9
2982	9
4036	9
4115	9
12938	9
13032	9
19215	9
22726	9
22834	9
22966	9
23511	9
25528	9
25836	9
14376	9
25143	9
7209	9
4632	9
7844	9
11053	9
11148	9
13411	9
14512	9
16594	9
16722	9
16726	9
16876	9
19954	9
19992	9
20391	9
20774	9
23403	9
4180	9
10055	9
12637	9
7014	9
3595	9
18174	9
4975	9
9800	9
26141	9
3839	9
13615	9
16674	9
23107	9
6963	9
8374	9
17465	9
19865	9
9283	9
2558	9
21910	9
18910	9
10986	9
14414	9
16347	9
12679	9
1347	9
24959	9
24023	9
10467	9
13175	9
20892	9
21816	9
19340	9
17754	9
25674	9
18867	9
24943	9
731	9
4724	9
7452	9
14346	9
18065	9
19244	9
23989	9
2870	9
2536	9
9207	9
9732	9
12654	9
16041	9
22555	9
24753	9
25870	9
5830	9
10991	9
19924	9
365	9
14552	9
15585	9
18579	9
9432	9
25684	9
8074	9
13164	9
14541	9
15127	9
18524	9
4382	9
14033	9
25383	9
869	9
3618	9
14709	9
20215	9
21333	9
7584	9
12049	9
12763	9
17382	9
18097	9
17589	9
2770	9
6806	9
3063	9
5639	9
6009	9
6896	9
9736	9
17875	9
18210	9
23095	9
25917	9
2883	9
4015	9
25189	9
2055	9
2560	9
4146	9
10926	9
12553	9
18668	9
12701	9
18879	9
21864	9
4284	9
9643	9
13837	9
15194	9
15623	9
17250	9
23470	9
25094	9
26067	9
6056	9
5434	9
15528	9
163	9
3825	9
20893	9
10910	9
25777	9
1728	9
5656	9
6082	9
18488	9
22610	9
17569	9
21995	9
3188	9
6810	9
13636	9
16696	9
17739	9
19605	9
11572	9
21630	9
22372	9
5408	9
19609	9
3955	9
10532	9
12981	9
7309	9
8156	9
2044	9
4490	9
17001	9
18013	9
9147	9
4960	9
3293	9
8922	9
9488	9
17182	9
10041	9
13995	9
10383	9
13319	9
16115	9
21583	9
11612	9
24944	9
7103	9
7384	9
6944	9
12660	9
14372	9
26178	9
3280	9
13013	9
25668	9
820	9
2515	9
12749	9
16819	9
24034	9
2803	9
7769	9
15977	9
17118	9
25114	9
403	9
24140	9
9639	10
19870	10
20532	10
22527	10
21860	10
8823	10
8261	10
11464	10
17997	10
20662	10
22837	10
3231	10
4705	10
4773	10
6411	10
8549	10
10500	10
16352	10
17546	10
19808	10
21931	10
22369	10
22466	10
25159	10
3719	10
5067	10
6907	10
8072	10
8375	10
9025	10
13649	10
19545	10
25060	10
25289	10
15683	10
19923	10
20664	10
21824	10
25359	10
12141	11
12498	11
9241	11
25158	11
10476	11
2115	11
14952	11
8666	11
6524	11
379	11
244	11
1353	11
3286	11
4765	11
16900	11
18030	11
22246	11
3752	11
4650	11
24174	11
10081	11
3185	11
13291	11
20547	11
20792	11
7885	11
19551	11
22190	11
9758	11
17006	11
4756	11
8298	11
12709	11
18443	11
18658	11
18667	11
26157	11
450	11
11284	11
11910	11
23477	11
11923	11
6185	11
23224	11
24412	11
26013	11
2997	11
6888	11
11664	11
252	11
15418	11
8457	11
15478	11
24203	11
2879	11
4875	11
11844	11
7854	11
17341	11
24470	11
7857	11
11968	11
13036	11
8449	11
13490	11
19528	11
22577	11
25440	11
23576	12
580	12
6431	12
16470	13
17822	13
5230	14
12406	14
10062	14
16270	14
16102	14
17956	14
20375	14
22463	14
3878	14
16584	14
11621	15
214	15
17394	15
18924	15
3113	15
8312	15
10765	15
17538	15
25978	15
4814	15
23246	15
19161	15
21831	15
10969	15
19109	15
6064	15
9439	15
25112	15
128	15
4353	15
6558	15
6920	15
14865	15
15941	15
16877	15
8198	15
4372	15
10880	15
16598	15
3851	15
8340	15
8161	15
12054	15
21468	15
22728	15
16258	16
1356	16
2752	16
4125	16
6667	16
6825	16
10351	16
14123	16
16676	16
21194	16
10912	16
19783	16
21705	16
22836	16
11638	16
21927	16
6626	16
10805	16
25069	16
25628	16
2239	16
22894	16
62	17
6575	17
22798	17
11102	17
1896	17
25220	17
9964	17
23485	17
19101	17
16543	17
238	17
4793	17
6218	17
15516	17
16553	17
16563	17
16565	17
22964	17
8442	17
10412	17
2072	17
22278	17
14316	17
22254	17
11447	17
834	17
2490	17
5570	17
205	17
13859	17
4141	17
9267	17
11052	17
16091	17
17755	17
20053	17
22395	17
26168	17
7829	17
5360	17
19544	17
715	17
16554	17
19903	17
25469	17
2851	17
23751	17
11442	17
13651	17
8471	17
23266	17
11227	17
1599	17
15258	17
7071	17
8195	17
15951	17
400	17
4379	17
6541	17
6905	17
8216	17
14498	17
17502	17
17740	17
2047	17
3632	17
15383	17
24385	17
3716	17
8391	17
14497	17
24101	17
2388	17
16955	17
7579	17
6506	17
9037	17
13483	17
14711	17
23623	17
4704	17
8801	17
12695	17
15125	17
15420	17
17981	17
21220	17
1278	17
778	17
1048	17
16743	17
22235	17
3119	17
19004	17
18314	17
3684	17
5395	17
5445	17
11141	17
18370	17
19447	17
20434	17
4263	17
6859	17
17999	17
18282	17
1823	17
2003	17
22031	17
19739	17
20568	17
8973	17
14600	17
23138	17
16042	17
21811	17
22645	17
106	18
13318	18
15793	18
22	18
11183	18
19440	18
22618	18
25043	18
25829	18
25849	18
13355	18
24490	18
13749	18
12121	18
13034	18
8969	18
6512	19
2449	19
7444	19
20574	19
88	19
1995	19
2338	19
2530	19
2535	19
4355	19
4755	19
5210	19
6340	19
7197	19
7635	19
8727	19
9313	19
9656	19
9869	19
10350	19
12507	19
12710	19
14648	19
14766	19
15010	19
15245	19
15457	19
15933	19
16654	19
17807	19
18225	19
18453	19
18778	19
19114	19
19446	19
19645	19
19939	19
20346	19
20576	19
21178	19
22504	19
23712	19
22197	19
9126	19
11610	19
20236	19
10116	19
1765	20
18681	20
24762	20
1153	20
17501	20
4183	20
6010	20
9862	20
12370	20
16834	20
16853	20
21199	20
22299	20
22309	20
22620	20
20248	20
5060	20
20660	20
1608	20
20030	20
8087	20
15523	20
17339	20
19711	20
20307	20
2451	20
16647	20
8511	20
22503	20
6337	20
18105	20
2773	20
5661	20
6529	20
6543	20
16486	20
4148	20
9863	20
24341	20
18182	21
6804	21
12260	21
19624	21
25491	21
25844	21
6184	21
2661	22
8067	22
11132	22
11402	22
12980	22
14969	22
24845	22
5061	22
20317	22
22556	22
8862	23
78	23
4877	23
8254	23
12155	23
24932	23
2465	23
2592	23
3977	23
5055	23
9265	23
19890	23
20341	23
21560	23
13310	23
8925	23
16505	23
20255	23
21450	23
15495	23
9264	23
12614	23
24970	23
10640	23
15247	23
17426	23
23786	23
25534	23
11631	23
9987	23
21554	23
10115	24
10134	24
23916	24
22423	25
832	25
3387	25
4703	25
7447	25
9764	25
10117	25
14340	25
14370	25
15006	25
16231	25
16590	25
16730	25
19957	25
21848	25
22320	25
4870	26
5175	26
8282	26
22046	26
4766	26
4868	26
8352	26
10456	26
15365	26
16931	26
25827	26
5411	26
5503	26
10390	26
11186	26
17729	26
2852	26
12599	26
25056	26
25721	26
5843	26
11213	26
25877	26
5361	26
2797	26
9314	26
12291	26
12639	26
13292	26
13320	26
9483	26
25250	26
1258	26
12032	26
12797	26
21584	26
9194	26
2532	26
11878	26
18557	26
21101	26
7011	26
8702	26
18159	26
8157	27
2120	27
7713	28
19052	28
8302	29
16484	29
24340	30
299	30
14174	30
18746	30
22051	30
22075	30
24713	30
14616	30
17817	30
2306	30
10514	30
8446	30
25649	30
25839	30
6838	31
12587	31
20303	31
4451	31
9983	31
15205	31
15666	31
15667	31
19093	31
21031	31
24330	31
1059	31
11125	31
20536	31
23529	31
4195	31
9098	31
21718	31
22290	31
2607	31
3450	31
4588	31
5130	31
5353	31
9450	31
12165	31
12722	31
20003	31
20184	31
281	31
4774	31
5673	31
16717	31
19603	31
232	31
1075	31
8737	31
13481	31
13862	31
16742	31
24402	31
20567	31
4988	31
17125	31
17884	31
20538	31
24032	31
1404	31
2562	31
11199	31
18552	31
4380	31
16756	31
1101	31
9030	31
17854	31
21547	31
18222	32
885	32
2505	32
17192	32
15770	33
23099	33
4319	33
12758	33
22023	33
5255	33
14337	34
5849	34
10763	34
11121	34
11194	34
15799	34
16511	34
16575	34
16945	34
21157	34
2326	34
10253	34
14325	34
19048	34
20182	34
11077	34
10211	34
14972	34
15300	34
17158	34
17162	34
17403	34
20149	34
20519	34
21389	34
22951	34
23912	34
23918	34
25589	34
21771	34
2559	34
5543	34
5767	34
10931	34
24097	34
10907	34
20765	34
272	34
11811	34
11840	34
19012	34
20305	34
6266	34
8215	34
4673	34
7475	34
11426	34
23673	34
26088	34
11607	34
19351	34
2563	34
8437	34
12071	34
14286	34
21131	34
23859	34
6703	34
12803	34
15596	34
17592	34
18920	34
5363	34
253	34
4634	34
17122	34
21051	34
1125	34
8055	34
8526	34
9486	34
11537	34
18880	34
18909	34
19962	34
23476	34
5225	34
3849	34
7010	34
7506	34
9312	34
20781	34
8728	34
3988	34
16348	34
21297	34
22806	34
14809	34
22953	34
23950	34
2203	34
7594	34
21130	34
5240	34
9074	34
12425	34
18275	34
20636	34
7093	34
8000	34
17395	34
18582	34
22375	34
23419	34
6666	34
17986	34
21190	34
2596	34
23462	34
23464	34
25644	34
19379	34
19247	34
17114	34
20489	34
7088	34
7546	34
15007	34
315	34
19023	34
7595	34
8118	34
15802	34
18366	34
25217	34
6737	34
8708	35
23776	35
1044	36
5809	36
9485	36
10435	36
14698	36
21823	36
8774	36
6943	36
22748	36
25902	36
1014	36
12112	36
17440	36
19150	36
21027	36
13621	37
25388	37
284	38
6427	38
16835	38
18677	38
21696	38
25854	38
25940	38
3996	39
3068	39
5631	39
16067	39
19569	39
16039	40
17821	40
2917	40
6031	40
2010	40
8064	40
20599	40
3804	41
6494	41
2526	41
6364	41
6857	41
7853	41
14976	41
24781	41
321	41
21853	41
884	41
5469	41
5575	41
10183	41
10966	41
16624	41
24699	41
165	41
293	41
6556	41
17194	41
16230	41
20702	41
25225	41
10186	41
11231	41
8301	41
267	41
24240	41
6632	41
8386	41
12187	41
13153	41
14345	41
20940	41
6039	41
6176	41
6303	41
15161	41
20949	41
4293	41
20616	41
11602	41
5202	41
17800	41
6073	41
9391	41
22269	41
25304	41
14854	41
24489	41
6835	41
5825	41
628	41
9413	41
13641	41
1962	41
751	41
21814	41
4033	41
20782	41
23730	41
18122	41
1699	41
2303	41
7878	41
8593	41
17575	41
17683	41
17923	41
18771	41
24593	41
25875	41
938	41
5087	41
6355	42
7194	42
20960	42
7542	42
15322	42
18415	42
4633	42
11593	42
16818	42
23648	42
2004	43
21191	43
21663	44
14020	44
22203	44
1600	44
15905	44
21635	44
21658	44
23490	44
18379	44
8887	45
6072	45
3547	46
449	46
882	46
1405	46
1498	46
3033	46
3048	46
3511	46
7091	46
14707	46
17245	46
18340	46
500	46
2085	46
2568	46
3099	46
4468	46
4631	46
9892	46
10358	46
10458	46
10615	46
11011	46
12074	46
13971	46
14079	46
16754	46
18783	46
19612	46
20552	46
20553	46
21032	46
23355	46
24454	46
25086	46
25180	46
25785	46
10539	46
75	46
8807	46
8476	46
21830	46
2143	46
5838	46
95	46
15524	46
9441	46
10388	46
11109	46
21562	46
21177	46
1174	46
2712	46
4254	47
9337	47
2511	48
14051	48
6904	48
18271	48
1711	48
3174	48
6726	48
6813	48
13703	48
20046	48
20854	48
3228	48
3654	48
11557	48
14154	48
15477	48
15882	48
5241	48
11822	48
21016	48
21169	48
18595	48
13702	48
14667	48
17874	48
18152	48
19978	48
199	48
16935	48
6482	48
24148	48
13470	48
19140	48
11939	48
2316	48
11929	48
2009	48
8403	48
3291	48
20772	48
26193	48
8523	48
12411	48
3204	48
25937	48
12645	48
16803	48
1825	48
6226	48
14317	48
20775	48
2810	48
18145	48
21799	48
920	48
1855	48
2527	48
5057	48
22119	49
3953	49
13196	49
15568	49
17163	49
22954	49
4000	49
9514	49
1959	49
9723	49
24640	50
4685	50
15415	50
24152	50
14089	51
13684	51
18283	51
19301	51
25215	52
22436	52
9504	52
5359	52
2950	52
24	53
3858	53
23161	53
11522	53
8857	53
12235	53
22129	53
25387	53
2826	53
23216	53
15774	53
6709	54
18003	54
5545	54
12135	55
2475	55
3209	55
15973	55
21928	55
24765	55
19909	55
23474	55
1833	56
8177	56
12107	56
4819	56
7863	56
8596	56
13635	56
17848	56
6316	56
17235	56
5731	56
4467	56
11566	57
11808	57
18560	57
15249	58
15624	58
7449	59
5485	59
23870	59
11902	59
11617	59
21029	59
25229	59
6638	60
1322	60
10925	60
15195	60
16068	60
17467	60
2054	61
1552	61
8719	61
9760	61
10355	61
13741	61
13369	62
16906	62
10726	62
17337	62
3066	62
7991	62
8116	62
16946	62
6280	62
2340	62
2443	62
6918	62
7650	62
8184	62
8625	62
14369	62
15395	62
17583	62
25977	62
21149	62
312	62
16545	62
12786	62
13673	62
7463	62
12318	62
15150	62
19800	62
1293	62
2621	62
2623	62
3283	62
3812	62
3820	62
3824	62
4834	62
5131	62
6222	62
6456	62
6525	62
6868	62
7525	62
8448	62
9433	62
12802	62
13482	62
13526	62
14157	62
14373	62
15148	62
17600	62
17819	62
17823	62
17824	62
18000	62
18444	62
22324	62
22901	62
24474	62
24479	62
24615	62
26039	62
17297	62
16227	62
25219	62
17861	62
2295	62
5826	62
1668	62
4835	62
1782	62
13521	62
18784	62
24708	62
19443	62
23492	62
10923	63
16013	63
19964	63
2342	63
2516	63
21998	63
11583	63
13388	64
12739	64
4847	64
10842	64
11293	64
10807	64
21466	64
4143	64
6808	64
7802	64
17127	64
20554	64
21777	64
22108	64
23555	64
25718	64
5216	64
17290	64
20155	64
6075	65
13932	65
14499	65
20345	65
19877	66
12419	66
3507	66
11626	66
19313	66
21755	66
16941	66
5059	67
21530	67
13485	67
18171	68
85	68
5413	68
1194	69
21858	69
4252	70
24451	70
23856	70
10676	71
24961	71
2569	72
5546	72
23175	73
21206	73
25662	73
70	74
4727	74
15559	74
123	74
23240	74
3980	74
16962	74
9094	75
19061	75
6583	76
2144	76
2774	76
3055	76
3652	76
3655	76
3766	76
3814	76
6388	76
7096	76
9249	76
12051	76
12423	76
12885	76
14808	76
15173	76
15189	76
15999	76
18942	76
19705	76
20250	76
21030	76
21825	76
25108	76
2119	77
7637	77
21401	78
19996	78
380	78
20078	78
5425	79
2784	79
16109	79
16224	79
21808	79
24161	79
1265	80
1839	80
3502	80
4446	80
9980	80
15126	80
16881	80
17828	80
19316	80
23864	80
25910	80
2656	81
14560	81
24251	81
16703	82
13202	82
22253	82
4128	82
5738	83
5478	83
6538	83
8349	83
12042	83
17252	83
18142	83
16040	83
1549	83
22766	83
23168	83
24732	83
1490	84
20813	84
16482	85
23151	85
941	85
13712	85
16727	85
22321	85
23383	85
25442	85
15357	85
6076	85
7311	85
8629	85
12615	85
15163	85
16483	85
17731	85
18913	85
13990	85
4555	85
2339	86
24594	86
5529	87
7247	87
9459	87
11829	87
4199	88
6443	88
19932	88
19936	88
25864	88
2118	88
26132	88
9994	89
17276	89
18383	89
22283	90
15824	90
21195	91
15171	91
15305	91
17864	91
23417	91
2455	92
14353	92
14886	92
2043	92
6315	92
5156	93
7483	93
10904	93
12707	93
14282	93
17933	93
11035	93
294	94
8626	94
11459	95
6706	95
8428	96
10637	96
18603	96
21340	96
6183	97
369	97
7727	97
16433	97
16570	97
2073	97
13675	98
4186	98
12616	99
4485	99
16266	99
17076	100
19018	100
17595	100
8443	100
15248	100
2259	101
10317	101
11816	101
6448	102
1346	102
2136	103
9591	103
17453	103
309	103
2186	103
6012	103
10677	103
11030	103
13704	103
17015	103
23946	103
25611	103
20560	103
21314	103
1050	104
17120	104
9595	105
6744	105
1154	106
12017	106
12930	106
8704	106
17591	106
12161	107
19162	107
22088	108
22224	108
4641	108
17937	108
21660	108
14771	109
24127	109
25116	110
12689	110
17560	110
21697	110
23465	111
598	111
4017	112
7888	112
17291	112
4258	113
5608	113
5771	113
6675	113
16264	113
18741	113
25107	113
25439	113
5182	113
13311	113
1879	113
21548	113
16281	114
24728	114
2762	115
22378	115
1669	116
12703	116
5260	116
11746	117
9597	117
11820	117
17019	117
17121	117
13422	118
1613	118
13992	118
15217	118
15665	118
16154	118
21159	118
915	118
10438	118
18624	118
20558	118
17724	119
25957	119
25958	119
8263	119
12046	119
19126	119
17882	119
14135	119
15388	120
15387	120
8530	121
10906	121
21144	121
1289	121
1560	121
4365	121
14149	122
3750	122
8147	122
11616	122
14662	122
16648	122
19560	122
22199	122
23530	122
4255	123
4771	123
5251	123
18256	123
18337	123
22233	123
12612	123
14843	123
19208	123
20569	123
18613	123
11279	124
9832	124
17750	124
22976	124
25609	124
5083	125
5084	125
8711	125
350	126
951	126
25676	126
925	127
8615	127
1556	128
11965	128
14096	128
23154	128
5212	129
6628	129
19015	129
19444	129
25139	129
7632	130
14170	130
20414	130
11427	130
7958	131
25130	131
14543	131
21221	131
376	132
2611	132
16620	132
1908	132
16621	132
17173	132
10872	133
2666	133
24250	133
9630	134
10252	134
16820	134
14159	135
5144	135
24852	135
8869	135
3199	136
19507	136
12798	136
2593	137
10433	137
22815	138
23915	138
12266	138
15678	138
17134	138
21436	138
23146	138
23488	138
25575	138
23480	139
23652	139
10338	140
7523	140
12458	140
12460	140
14844	140
16651	140
19378	140
161	141
97	141
3105	141
11418	141
19583	141
21821	142
22719	142
21684	142
22720	142
24169	142
24816	143
9871	143
17179	143
19598	144
11216	144
13815	144
3239	145
11465	145
11577	145
17141	146
11462	146
5814	147
17690	147
1656	148
4040	148
5828	148
11842	148
21531	148
3102	149
12414	149
18562	149
24439	149
14431	149
20537	149
20543	149
21339	149
1092	150
3196	150
23226	150
24207	151
1281	151
3653	151
10163	151
12551	151
17588	151
18621	151
25287	151
9962	152
2506	152
10682	152
22428	152
6354	153
15188	153
9959	154
6008	154
20914	154
5081	155
12256	155
17237	155
1107	156
6973	156
12320	157
12321	157
19222	157
4019	158
5626	158
24957	158
8557	159
8308	159
21288	159
26191	159
3516	160
7053	160
12618	160
13144	160
15413	160
18634	160
1662	160
2613	160
1378	161
7877	161
3852	161
11622	161
15422	161
2984	162
8731	162
10564	162
8970	162
15187	162
2476	163
18984	163
187	164
1821	164
21386	164
10133	165
18218	165
3067	166
18721	166
844	167
890	167
11197	167
1916	168
20953	168
24463	168
15706	169
374	169
20776	169
19252	170
3195	170
24597	171
17280	171
2785	171
3682	171
19956	171
7861	172
2355	172
12704	172
194	173
8628	173
8146	174
21028	174
10897	175
5548	175
6159	176
19554	176
24878	176
5577	177
23881	177
12387	178
19520	178
23084	178
23554	178
19931	178
23553	178
12617	179
17388	179
6037	179
800	180
13167	180
15485	180
4275	181
4081	181
13625	181
17878	181
24471	181
3100	182
18098	182
19380	183
1695	183
9618	184
11285	184
12193	184
4051	185
21187	185
21313	185
26092	185
11879	185
21310	185
3074	186
23416	186
19911	187
25487	187
6229	188
6423	188
7647	188
10847	189
10148	189
11009	190
20157	190
21344	190
22990	190
23471	190
11721	190
12151	190
15221	190
3206	191
6535	191
6579	191
12290	192
17307	192
20031	192
25853	193
8404	193
25	194
22891	194
28	195
7916	195
21515	195
21523	195
4656	196
18196	196
23303	196
24841	196
4265	196
5267	196
5271	196
7597	196
10559	197
18245	197
6389	198
6914	198
18279	198
7468	199
10002	199
12041	200
14384	200
17951	201
833	201
4826	202
4021	202
26022	202
6161	203
7055	203
19712	204
21024	204
8071	204
17178	204
23215	204
2329	204
24846	204
3062	205
16892	205
19572	205
13022	206
8077	206
6300	207
2117	207
21809	208
15609	208
21018	209
5479	209
16124	210
20807	210
24334	210
7482	211
15681	211
20793	211
17585	212
15218	212
7957	213
18895	213
15181	214
2331	214
17461	215
188	215
22920	215
373	216
21579	216
10356	217
19062	217
7807	218
11828	218
10432	219
5774	219
16891	219
2624	220
24202	220
15572	221
7356	221
8811	222
22021	222
2332	223
18544	223
21596	223
16783	224
15642	224
17563	224
12252	225
22404	225
9026	225
18669	226
19866	226
25545	226
8538	226
7536	227
7534	227
1344	228
18126	228
4276	229
24159	229
717	229
17865	229
1376	230
4267	230
22000	231
25136	231
15259	231
348	232
5660	232
15847	232
11969	233
1967	233
18996	233
15712	234
19596	234
1292	235
6648	235
10341	235
14840	235
10936	236
19509	236
19510	236
23687	236
17293	237
15668	237
25614	237
26006	237
10178	238
3744	238
24133	238
3989	239
17471	239
10679	240
115	240
5268	240
8671	240
23757	241
830	241
16802	241
9053	242
12504	242
1589	243
7603	243
23759	244
15208	244
1981	245
5468	245
5668	245
6908	245
8187	245
18034	245
19879	245
25444	245
3818	246
3388	246
6735	246
23167	246
13325	246
14502	246
20926	246
15899	246
5119	247
10517	247
6446	248
8036	248
13	249
7596	249
11196	249
19170	249
6350	250
4495	250
8372	250
11823	250
13628	250
15246	250
16014	250
20332	250
23710	250
5137	251
6884	251
1013	252
19011	252
2123	252
20803	253
6356	253
25231	253
1551	254
8058	254
2328	254
8336	255
24464	255
8739	256
13357	256
25115	256
25852	256
3200	257
4264	257
17468	257
25510	258
3279	258
10513	259
25059	259
25595	259
7477	260
19257	260
22961	260
19906	261
26102	261
6079	262
19941	262
16338	263
21390	263
82	264
3844	264
15688	265
22692	265
4955	266
4954	266
5409	267
8623	267
5839	268
7026	268
12192	268
20883	269
787	269
12940	269
2222	270
2215	270
10792	270
15695	270
20422	270
21309	270
20379	270
4272	271
2557	271
2247	272
9606	272
4958	272
5973	272
10884	272
12122	272
16353	272
2981	273
4427	273
6669	274
9865	274
7588	275
7590	275
3599	276
14130	276
14302	277
5432	277
12676	277
5667	278
3297	278
14770	278
23461	278
17936	278
21713	278
25470	278
14894	279
1670	279
22927	279
3362	280
3347	280
16957	280
2938	281
18581	281
21593	282
22325	282
18970	283
2409	283
3522	283
4286	283
4288	283
2201	284
14868	284
16226	284
5211	285
11028	285
21171	285
22730	285
1187	286
6290	286
13677	287
18288	287
23206	287
4110	288
16523	288
17696	288
15641	289
5466	289
12801	289
19548	289
15423	290
18144	290
9149	291
17346	291
20319	291
782	292
11539	292
15227	292
16655	292
18151	292
254	293
7572	293
20150	294
22312	294
25226	294
23621	295
11623	295
5960	296
8705	296
11662	296
14094	296
19014	296
24575	297
8255	297
14842	297
1989	298
4106	298
7515	298
17782	298
18231	298
18628	299
17785	299
15583	299
24272	299
25211	300
11971	300
7636	301
12554	301
4278	302
18183	302
10522	303
10561	303
25678	304
1660	304
3377	304
23068	304
25631	304
1383	304
822	305
9518	305
16358	305
18238	306
4777	306
15396	306
26180	306
19064	306
360	307
2304	307
7602	307
8307	307
5446	308
5632	308
20433	308
10818	309
11016	309
25596	309
19451	310
9579	310
16932	310
6534	310
11561	310
22381	310
12863	311
18390	311
1836	312
8400	312
23424	313
8153	313
15182	313
16728	313
22319	313
8054	314
24504	314
22605	315
21623	315
7479	316
2754	316
5511	316
7265	316
10056	316
13390	316
10382	317
25482	317
2223	318
4266	318
20216	318
16643	319
20035	319
6170	320
8881	320
16609	320
372	321
14131	321
12113	322
16886	322
142	322
18626	322
8735	323
25062	323
9039	324
11911	324
21303	325
734	325
19221	326
17470	326
21949	327
18194	327
5697	328
14358	328
8558	329
13717	329
8534	330
8676	330
9224	331
10154	331
11410	331
16830	331
4144	332
18596	332
23771	332
16622	333
18454	333
13031	334
8738	334
13334	334
13620	334
16312	335
16314	335
11991	336
3186	336
14182	337
17537	337
15358	338
18036	338
18338	338
14175	339
12307	339
22980	339
5387	340
18156	340
19145	341
23760	341
1983	342
13012	342
20943	342
22110	343
5231	343
22311	344
20084	344
6576	345
1621	345
7109	345
12751	346
6307	346
13486	347
4259	347
18688	347
4630	348
9921	348
10672	348
12512	348
831	349
11280	349
15154	350
14132	350
4034	351
9715	351
9717	351
8512	351
25492	351
25511	351
1798	352
4828	352
5404	352
24462	353
11641	353
14338	354
22729	354
19466	355
7543	355
24128	355
11411	356
24242	356
5853	357
5492	357
9831	358
12473	358
18388	359
20654	359
4196	360
15401	360
1051	361
4245	361
25664	361
16823	362
5571	362
13802	362
19553	362
25447	363
15962	363
19892	364
18417	364
4643	365
20320	365
14990	366
25975	366
8395	367
8725	367
11054	367
14763	368
4432	368
20766	369
11718	369
15553	370
15374	370
5490	371
8474	371
1976	372
23672	372
12295	373
9189	374
2116	374
9765	374
9774	374
12034	374
17935	374
12248	375
98	375
4181	376
17992	376
8409	377
2248	377
11579	378
15073	378
16922	379
20925	379
13415	380
7585	380
15386	380
23772	381
735	381
74	382
2298	382
16129	382
8717	383
10638	383
13558	384
8669	384
9038	384
12213	384
21710	384
22318	384
24888	384
2561	385
23094	385
1969	386
8472	386
24141	386
16971	387
5228	387
20170	387
18608	388
14339	388
22816	388
7280	389
7267	389
20309	389
8891	390
11893	390
25667	390
6776	391
24733	391
2334	392
10180	392
17587	392
11215	393
23156	393
23970	394
7718	394
19502	394
3748	395
17503	395
10602	396
20805	396
11467	397
19575	397
4038	398
7058	398
23811	398
1878	399
12338	399
15800	399
9130	400
25095	400
1010	401
2749	401
11642	402
25230	402
5256	403
5257	403
22827	403
16015	404
22938	404
20333	405
4262	405
6701	406
10407	406
5406	407
22435	407
11120	408
16340	408
17851	408
20233	408
4366	409
410	409
9211	410
13413	410
19473	411
23812	411
24214	412
4116	412
25496	413
19314	413
19880	413
25543	413
26019	413
26048	413
24820	414
20707	414
5486	415
8366	415
5261	416
6282	416
18908	417
25531	417
12050	418
5364	418
14	419
14171	419
14845	420
5232	420
19521	420
