54
54
91
51
53
54
92
50
90
51
51
54
54
52
91
54
50
91
55
91
91
52
50
90
54
50
52
55
91
50
51
51
91
59
40
90
55
54
50
50
55
91
59
59
91
50
90
55
53
92
52
53
92
54
53
52
52
54
53
52
52
90
51
52
61
50
52
51
90
51
91
55
55
53
53
51
14
50
53
51
54
53
50
53
53
51
90
50
50
92
55
90
54
91
54
92
55
92
52
90
61
54
90
50
51
51
50
15
55
51
90
91
91
52
54
91
91
50
52
52
50
50
51
54
90
54
53
55
90
53
54
90
54
55
54
55
60
91
91
55
91
51
50
90
91
55
52
92
52
91
61
91
53
51
92
90
51
90
50
55
53
50
91
61
52
50
55
91
53
51
51
61
50
40
91
90
90
90
50
55
54
53
92
55
55
51
51
54
51
61
90
54
92
90
54
53
54
55
95
52
51
90
55
51
54
92
53
52
52
54
55
52
51
50
91
59
91
61
53
92
91
50
52
52
51
90
91
90
52
52
91
50
51
53
52
54
51
53
52
52
90
92
54
91
55
90
53
50
51
54
54
55
52
92
54
92
53
50
51
90
53
52
91
90
90
52
54
90
52
53
14
52
51
53
55
53
51
51
90
91
51
55
55
52
55
52
53
59
50
91
52
51
55
91
50
50
90
51
55
54
54
55
54
50
51
91
53
55
50
55
91
52
91
52
52
50
54
55
54
92
55
90
51
51
55
52
91
92
53
55
54
50
50
91
54
53
50
91
50
53
53
51
52
91
50
50
54
53
40
40
38
95
40
41
39
39
40
37
26
39
42
39
42
4
95
42
4
39
40
37
42
42
88
42
41
40
41
42
41
37
37
37
39
42
38
42
37
42
37
37
42
41
40
95
41
42
39
39
40
95
41
37
39
39
40
39
37
38
41
40
39
40
40
42
89
88
38
41
39
40
38
88
39
40
37
40
38
40
41
42
38
40
39
38
41
37
42
37
41
41
40
95
42
38
88
41
41
39
42
38
39
41
39
38
95
38
40
37
39
37
42
42
40
39
40
41
42
37
38
37
39
42
40
40
39
41
95
37
40
40
38
39
41
4
40
37
37
41
41
39
39
39
41
40
40
42
40
41
37
37
41
95
39
41
38
37
42
42
40
37
38
41
40
41
40
41
37
41
37
39
41
42
42
39
42
40
4
41
38
42
39
39
37
38
40
42
40
38
40
42
40
38
41
38
42
41
39
39
37
95
39
37
38
41
37
39
41
39
88
41
40
41
39
38
95
40
4
42
88
38
39
38
37
89
9
89
88
88
88
89
4
89
88
88
9
88
42
42
89
89
37
42
89
39
92
88
9
89
89
88
88
4
39
89
42
89
4
88
88
89
42
89
89
89
41
88
9
89
89
89
89
9
9
89
88
89
89
88
88
6
89
9
88
89
42
88
89
4
88
9
88
5
89
88
89
42
42
88
89
37
88
4
88
89
89
9
4
9
88
88
9
88
88
9
89
88
89
92
89
41
88
42
89
88
89
88
41
89
89
9
89
88
9
41
89
89
96
99
97
98
96
98
96
96
97
97
99
97
93
98
96
97
98
97
99
96
96
98
99
97
96
96
98
96
98
96
99
96
99
96
99
98
96
98
97
98
97
96
99
93
99
96
98
98
96
93
98
97
99
97
99
99
98
98
96
96
98
99
99
93
99
96
96
93
97
99
96
93
99
98
97
96
96
99
99
97
98
98
98
99
99
98
97
97
99
93
93
97
97
97
97
97
98
99
96
96
98
99
98
98
99
98
97
99
99
96
98
99
96
96
96
98
98
99
93
97
98
97
99
99
93
99
97
96
96
97
98
99
98
97
97
97
98
97
97
93
98
96
97
97
97
96
99
98
97
99
99
97
97
98
97
99
96
97
97
98
96
96
97
98
98
99
96
96
96
96
93
75
76
93
93
93
75
93
93
75
93
93
75
99
76
76
93
93
93
93
93
93
93
93
99
76
93
93
93
93
93
93
93
93
99
93
93
93
93
76
10
17
8
22
13
7
11
7
61
4
22
23
13
17
9
19
9
21
21
5
3
1
14
8
15
21
17
61
2
23
18
23
13
17
5
3
3
6
23
17
4
2
7
3
2
6
8
1
1
6
23
15
5
0
16
16
14
19
6
17
12
2
7
12
20
16
5
7
0
1
3
15
21
6
13
6
20
16
9
2
4
0
23
12
23
11
18
20
6
9
1
7
9
10
34
17
7
23
21
17
17
18
18
3
9
38
12
24
14
0
20
6
19
10
2
0
4
38
8
10
12
20
6
11
8
11
9
19
20
5
23
12
24
18
17
34
8
13
17
2
11
2
21
12
20
2
1
17
10
17
10
23
15
24
15
1
1
12
14
15
18
12
12
14
8
13
21
20
3
0
8
11
12
20
1
12
0
19
17
24
14
16
19
24
5
8
11
18
17
13
19
17
13
0
2
18
22
21
3
5
19
7
13
8
11
20
8
6
11
12
0
19
8
0
22
17
24
5
4
10
22
19
7
19
10
0
5
17
22
20
23
9
22
10
20
0
20
20
9
21
13
7
12
2
34
2
5
9
13
19
15
21
11
14
16
17
1
20
3
4
3
16
10
1
18
16
92
19
22
16
8
1
0
0
2
23
18
21
13
15
10
12
16
4
22
24
23
1
14
14
7
13
1
0
9
18
11
61
10
23
16
17
14
22
12
18
12
17
11
12
14
3
12
24
37
22
21
0
19
6
7
21
12
22
18
10
22
38
61
1
0
10
2
2
22
10
7
9
3
10
2
4
3
23
74
6
24
18
2
8
2
6
2
0
24
13
17
12
17
12
3
11
1
2
1
8
22
8
2
15
15
23
12
18
21
20
23
6
13
2
22
11
24
11
3
6
8
16
6
12
10
3
20
19
22
19
11
24
5
2
2
23
11
1
37
36
20
6
1
15
0
13
2
8
1
0
23
38
7
10
8
17
5
7
4
16
10
21
6
13
12
16
13
15
18
18
5
7
21
19
20
16
1
24
24
20
3
21
24
11
18
11
0
4
10
19
23
74
0
1
3
4
4
18
13
20
0
7
21
24
1
24
17
16
3
7
3
6
4
24
14
22
7
11
19
10
6
16
16
38
14
23
18
21
14
22
11
17
74
16
8
5
20
20
5
19
3
12
11
15
6
22
5
3
13
23
1
11
10
0
15
10
9
16
23
13
9
11
7
5
11
5
0
6
5
23
2
13
15
21
1
22
10
23
16
15
20
3
1
16
5
19
11
20
34
6
7
21
8
3
18
12
17
10
15
16
11
19
5
72
14
15
7
0
21
20
0
1
9
10
19
15
3
11
17
6
0
18
23
23
23
4
3
6
4
14
21
7
13
8
0
21
18
12
1
17
6
6
1
34
4
0
6
23
2
13
38
15
4
8
14
18
21
17
23
17
22
16
24
1
5
19
22
2
20
3
24
7
34
21
1
18
24
14
21
0
20
4
15
5
12
20
7
5
10
22
12
13
23
13
9
24
15
19
14
16
12
21
15
5
3
13
7
21
18
3
24
11
4
6
11
71
11
15
18
19
8
10
22
15
10
11
13
22
15
8
10
13
19
6
11
14
18
92
24
7
5
22
21
3
37
12
18
22
19
2
23
18
15
13
4
22
16
20
22
23
19
23
0
5
16
12
11
7
1
4
24
1
1
6
11
15
8
15
9
12
74
15
24
4
22
10
7
6
2
17
24
14
3
2
34
9
21
14
5
8
20
18
12
3
34
0
20
21
19
3
0
4
19
21
13
4
34
4
11
0
10
14
47
22
1
13
24
24
1
10
4
74
37
5
92
16
13
1
24
17
16
1
6
13
6
19
13
0
22
21
20
38
24
11
8
24
16
13
9
23
18
15
14
2
34
9
10
8
22
92
8
7
23
14
19
24
1
0
4
3
8
21
4
37
14
7
0
6
22
8
14
22
17
19
0
24
16
9
14
14
3
5
10
23
5
5
18
16
2
24
18
5
15
23
9
38
4
15
16
2
17
8
7
2
8
7
17
19
5
22
15
20
6
24
15
18
7
24
20
5
7
13
18
17
13
1
9
3
14
18
8
21
92
2
20
16
21
24
8
18
15
19
8
13
20
22
8
3
6
3
3
19
14
22
16
7
17
19
9
10
19
21
5
20
15
0
8
20
6
15
16
5
18
0
18
11
16
11
15
21
10
16
22
16
13
24
18
2
5
8
2
11
23
10
1
24
5
20
7
5
4
23
11
21
20
10
24
12
12
23
7
6
8
7
12
21
12
10
3
92
19
10
2
15
2
6
13
16
3
16
66
68
60
57
74
67
64
60
73
59
58
69
61
65
73
60
59
67
57
59
71
58
57
60
57
57
64
73
74
71
62
63
69
73
67
74
71
57
59
60
68
67
59
72
56
59
60
68
58
56
67
66
69
69
65
38
61
65
68
65
60
60
70
57
59
70
57
65
60
68
61
66
63
64
14
73
61
65
57
59
61
64
62
59
56
65
60
61
60
60
62
68
60
65
60
62
72
59
62
60
59
59
59
57
59
56
59
62
63
66
60
58
60
59
74
60
71
69
66
69
72
66
56
58
70
65
72
71
63
56
72
66
62
65
64
72
70
57
59
56
74
71
73
63
67
72
66
67
63
59
68
66
67
72
69
62
72
64
58
71
74
66
67
68
61
66
63
70
56
68
58
67
65
70
66
71
64
58
66
58
62
66
56
67
68
60
64
74
56
74
73
63
67
58
56
58
64
65
68
72
65
56
69
67
60
71
66
58
58
63
67
64
64
74
58
72
62
58
59
64
73
69
71
71
66
62
73
66
67
69
63
73
61
70
57
62
71
72
63
74
57
71
38
69
58
59
70
59
58
68
58
62
65
63
58
56
59
73
61
60
66
57
73
69
69
73
70
67
71
57
69
71
65
69
70
72
63
62
64
74
59
57
73
69
71
58
73
73
67
63
60
73
56
72
63
61
68
69
64
69
63
63
70
71
67
56
64
70
67
74
68
72
73
60
69
56
58
63
62
58
72
63
62
74
58
38
57
71
63
73
69
68
65
56
73
74
57
72
68
57
73
66
72
61
70
63
63
72
57
67
62
56
71
70
65
71
72
70
69
67
69
73
68
67
67
57
66
62
70
56
68
62
60
73
72
66
62
69
67
70
71
71
73
71
70
59
69
38
63
56
71
62
73
72
64
67
64
64
69
66
68
58
57
72
70
58
69
73
61
56
58
65
64
69
66
74
68
63
72
66
71
68
63
57
72
59
71
65
67
57
58
74
73
70
59
71
64
61
62
71
67
65
14
68
64
57
62
66
58
58
69
64
60
60
70
70
62
64
66
58
71
57
14
56
67
73
59
70
70
67
57
63
68
72
67
62
57
68
68
63
63
62
68
67
68
57
72
73
68
61
58
57
65
57
70
65
14
66
66
57
57
68
65
68
69
72
65
69
71
56
56
14
58
69
61
62
66
63
38
56
68
65
68
59
74
56
68
56
58
56
65
62
61
72
66
60
58
62
56
73
69
70
65
57
57
70
72
59
64
74
65
73
66
73
61
66
65
38
69
73
71
72
57
74
62
67
63
68
69
56
64
62
66
67
61
56
58
63
61
72
64
68
60
64
71
57
73
63
65
68
62
57
14
70
65
67
72
73
74
68
62
61
70
61
74
69
73
73
67
14
74
70
63
69
66
62
56
68
71
68
64
71
57
56
63
68
60
66
58
70
63
71
73
62
63
72
56
67
64
65
64
66
65
72
64
69
56
63
66
64
57
65
67
56
70
71
74
70
58
72
70
64
64
65
62
58
14
64
57
70
62
60
62
60
66
58
73
74
64
64
71
67
74
62
70
71
72
71
65
67
65
68
66
74
65
65
72
71
69
63
70
63
56
65
62
72
56
63
60
56
61
63
64
67
59
60
58
73
64
64
56
59
56
70
59
69
66
60
60
69
69
62
58
60
66
60
60
74
61
70
70
72
64
67
70
59
60
59
60
27
35
44
46
32
46
31
31
47
45
36
25
49
27
32
46
74
34
48
26
49
35
44
25
34
36
30
74
47
31
34
33
74
47
47
36
36
46
45
31
25
36
45
61
26
49
36
33
31
44
35
30
35
31
29
30
46
32
27
30
36
26
29
35
74
44
31
35
48
35
44
43
25
28
30
33
25
48
35
61
48
27
49
34
44
47
26
29
47
46
29
31
25
46
46
48
47
32
49
34
49
29
49
74
26
44
45
29
44
27
33
29
48
36
35
45
48
27
35
30
33
46
28
31
30
44
29
45
44
31
31
34
27
48
31
28
33
25
45
47
32
26
31
33
43
49
44
43
44
26
28
31
31
53
46
32
36
31
28
36
44
34
25
36
31
31
46
27
35
35
29
26
30
45
48
33
44
61
46
28
33
49
32
29
25
30
29
28
27
47
32
49
26
49
28
31
45
33
29
26
45
48
26
47
34
46
47
31
26
36
36
46
48
48
25
28
46
29
45
47
28
31
34
47
53
43
45
32
45
49
49
35
33
25
29
26
45
33
44
35
32
43
74
29
46
46
48
47
46
47
46
46
46
30
49
46
47
32
26
47
29
43
74
48
47
33
26
44
48
43
48
32
43
36
43
30
25
28
27
49
43
32
47
49
48
29
35
49
43
36
35
31
48
33
32
47
34
25
45
46
49
36
25
36
28
46
47
34
47
27
31
45
27
49
45
25
48
44
31
26
49
45
43
29
46
46
45
48
27
31
27
27
48
48
33
29
43
33
43
48
36
35
61
47
28
26
30
45
29
44
25
43
43
48
31
26
28
35
35
43
26
46
49
28
48
49
29
43
48
44
49
32
46
29
27
44
34
30
28
46
30
44
29
47
44
30
46
31
27
26
27
45
45
47
36
26
34
30
44
25
34
36
43
47
47
43
33
43
30
26
49
43
49
36
31
25
35
48
33
44
34
27
43
48
47
35
36
25
30
44
36
49
28
26
44
49
29
46
31
25
27
27
74
48
45
27
36
46
30
31
28
28
27
44
25
27
33
35
48
27
43
45
48
29
28
43
36
43
47
44
43
27
28
31
48
36
44
31
44
29
45
46
32
28
25
27
36
28
46
25
33
25
44
35
43
34
33
48
33
25
34
35
45
34
28
44
32
35
27
25
26
25
33
47
30
35
35
31
25
43
43
25
26
49
28
36
32
30
36
33
30
28
49
30
46
33
30
32
28
45
27
49
30
26
34
27
35
26
43
32
31
30
47
29
29
45
29
45
32
49
33
34
35
30
28
46
47
47
44
43
32
46
35
49
28
32
49
48
26
30
35
31
48
36
34
36
27
33
29
46
43
27
32
28
32
32
44
34
32
30
25
25
34
32
27
34
27
26
44
26
45
28
35
28
36
29
26
34
34
27
28
36
45
47
35
49
25
25
36
53
29
36
48
49
35
26
26
25
30
44
49
29
49
47
31
28
30
34
45
43
45
29
29
45
49
27
44
45
30
27
30
43
36
49
45
33
33
28
31
32
36
25
47
35
29
43
32
33
46
28
29
29
28
27
32
35
25
46
31
25
26
30
29
45
30
35
31
32
36
30
34
44
47
48
32
35
28
43
32
25
35
43
36
31
25
33
28
25
29
30
26
45
33
48
32
30
46
47
33
47
27
32
29
44
36
25
30
34
45
44
33
33
28
32
34
30
26
32
31
35
32
35
26
49
43
27
48
33
26
74
30
28
45
33
33
44
33
49
32
32
33
34
48
27
48
47
80
77
95
76
81
85
81
86
84
84
84
77
77
80
78
79
78
76
85
80
79
82
83
81
79
79
82
81
94
81
76
83
81
85
80
85
84
81
77
94
75
94
78
77
78
85
83
77
80
82
75
80
86
84
77
79
82
81
79
79
80
85
83
94
77
95
79
75
85
82
83
94
82
81
83
76
95
80
81
78
77
80
94
79
85
75
78
86
77
85
80
80
81
75
84
83
76
83
83
81
94
84
86
77
84
79
81
76
80
84
76
75
84
79
75
79
85
81
83
77
80
82
79
95
81
78
79
83
75
75
84
83
82
78
94
86
79
75
76
80
77
75
94
84
78
81
81
82
84
77
94
78
75
85
82
75
82
78
84
80
78
85
85
76
83
81
79
80
80
81
94
85
77
75
79
76
78
83
85
95
83
79
76
82
75
86
86
84
77
75
80
84
85
81
82
94
77
81
80
85
75
95
78
80
94
75
82
78
83
82
95
82
78
86
77
86
95
80
86
76
84
79
75
76
75
84
85
94
86
85
79
81
95
80
83
79
76
77
94
86
77
86
84
82
81
84
77
77
85
80
80
76
75
83
95
79
77
86
78
94
77
85
95
95
94
80
76
79
82
82
80
94
78
85
82
79
85
86
85
95
78
82
83
95
77
85
75
86
84
81
81
85
78
80
80
75
86
77
85
79
80
81
84
85
77
86
84
78
81
86
94
78
95
76
95
81
85
83
76
77
94
83
94
76
81
80
82
83
79
94
86
83
85
86
81
75
85
94
76
94
83
85
75
76
83
83
94
86
79
86
95
80
95
80
94
82
82
82
76
76
77
78
95
80
86
85
86
80
76
84
95
76
94
82
84
84
95
84
85
86
79
83
84
78
83
82
83
80
83
82
78
75
81
77
79
80
82
83
85
94
94
79
75
78
77
79
81
95
79
86
75
95
86
85
77
79
78
78
82
78
84
80
81
80
86
85
84
95
78
83
85
84
82
82
84
76
77
84
78
85
77
83
78
76
83
83
78
80
86
77
94
76
80
86
79
84
76
84
76
82
75
78
94
82
94
79
82
86
84
86
85
75
82
94
95
84
80
83
81
75
84
94
78
94
85
81
95
82
75
79
83
81
76
79
83
95
94
78
78
78
86
77
84
79
76
81
77
79
81
83
82
77
84
76
82
95
75
86
83
81
94
86
79
94
75
77
84
86
94
79
94
77
82
76
77
81
86
78
94
82
81
83
75
87
87
87
87
87
87
87
87
87
92
90
92
87
87
87
87
92
87
87
87
87
87
92
87
87
87
92
90
87
87
87
92
87
92
87
87
90
87
87
87
92
87
87
87
87
90
87
92
92
87
87
92
92
87
87
87
87
92
92
