123
124
104
125
123
121
105
126
102
128
125
126
126
127
104
126
127
104
123
105
104
128
126
123
121
124
128
121
104
127
124
123
105
110
131
101
120
126
126
125
120
104
110
126
104
126
101
122
121
105
127
123
105
121
121
128
128
121
109
127
101
102
125
127
122
126
128
128
101
125
103
103
120
124
101
125
124
123
123
124
121
122
127
123
123
125
101
124
124
105
114
102
121
105
121
105
125
103
127
101
122
121
101
101
128
125
120
49
120
128
102
104
105
128
122
104
104
123
127
128
125
125
128
127
123
101
124
120
127
126
121
101
126
124
128
120
140
104
105
120
104
125
128
101
104
114
126
105
127
104
122
104
123
120
105
123
125
123
126
120
120
125
104
122
124
125
122
105
126
120
128
109
127
122
105
101
127
101
126
114
121
123
105
126
120
124
128
121
128
122
125
121
105
102
121
123
121
120
122
127
128
102
122
128
121
105
124
124
120
101
113
101
120
124
104
126
104
122
123
105
104
124
127
127
120
101
104
101
125
125
103
128
128
101
126
125
124
123
127
128
127
105
121
104
123
102
124
125
126
121
127
120
128
105
121
105
101
125
125
102
124
127
104
101
102
101
121
123
127
122
124
127
120
123
125
123
124
128
101
104
125
120
123
125
120
128
122
113
124
105
124
120
126
105
123
125
101
128
120
121
121
122
121
124
128
47
123
103
124
120
104
126
104
101
127
124
121
126
127
105
120
101
124
125
120
127
104
105
123
120
121
127
120
104
128
122
124
105
123
126
126
125
127
104
126
126
121
126
3
5
0
122
4
72
1
1
2
3
47
1
7
1
4
73
122
6
72
1
4
3
7
4
0
7
7
4
7
3
7
2
3
3
1
3
3
131
2
7
6
3
1
131
6
122
6
7
1
3
4
122
131
2
7
1
6
0
2
0
6
4
1
2
7
4
108
4
1
7
1
3
131
0
11
6
3
4
0
5
131
0
6
131
131
0
5
3
131
2
7
6
5
122
0
2
7
6
5
4
4
0
1
6
1
2
122
0
4
3
1
3
4
7
4
4
3
6
0
2
2
3
1
131
2
4
1
1
122
3
5
4
0
1
131
72
131
3
3
6
6
4
5
5
6
6
4
4
5
1
2
2
1
122
5
6
0
3
7
7
5
3
0
6
4
7
131
131
3
7
3
0
7
4
0
7
7
6
51
7
0
0
1
0
2
0
5
4
4
6
6
0
3
0
7
0
7
4
1
1
5
5
47
3
3
7
3
1
6
1
4
6
6
7
1
0
122
1
131
7
0
6
4
0
2
11
12
12
108
108
108
11
73
64
108
108
12
8
8
8
12
12
11
7
11
131
8
108
61
11
11
108
108
131
8
11
8
11
72
108
8
11
108
11
11
8
131
108
12
11
12
11
11
12
12
11
8
11
12
108
108
73
12
12
108
11
8
131
11
73
8
12
108
71
64
108
11
8
8
108
8
122
108
73
6
11
11
12
108
12
108
108
12
108
108
12
11
108
11
8
8
8
108
8
12
6
8
108
6
11
12
12
11
108
12
131
11
11
15
17
17
9
9
9
14
15
16
16
15
16
13
9
15
15
9
14
15
14
16
9
17
13
16
16
9
16
9
14
15
10
14
16
14
10
16
15
16
9
17
15
17
10
14
16
9
10
15
13
10
17
16
14
14
17
10
10
15
17
9
17
14
13
15
17
16
13
17
14
15
13
14
16
16
13
14
15
14
13
16
9
9
13
15
9
13
16
17
13
102
17
15
13
13
16
10
14
16
15
10
14
10
9
14
9
17
14
15
15
9
14
10
15
17
14
9
14
10
17
9
17
14
14
16
13
9
16
14
17
9
14
9
17
15
17
9
17
17
13
15
16
17
16
17
16
14
9
16
17
14
17
13
9
17
14
16
17
15
15
15
16
15
15
10
9
10
16
15
10
13
12
110
102
13
10
18
10
13
12
110
102
12
13
110
110
102
102
102
13
10
102
10
110
13
110
10
13
13
102
10
102
10
10
13
13
13
13
110
110
57
85
63
85
49
60
55
60
109
64
42
37
49
46
70
59
70
64
64
71
37
67
41
63
86
44
45
59
67
43
50
44
48
48
71
69
38
62
44
61
73
65
59
69
67
61
63
68
41
61
45
45
71
66
49
49
70
50
62
46
46
55
60
53
50
53
69
60
66
68
39
43
51
61
49
62
40
54
65
55
72
41
139
46
139
55
40
40
62
65
68
59
56
58
87
48
59
44
64
38
52
38
38
39
65
70
56
52
42
65
53
61
87
57
67
66
72
41
61
58
46
53
62
57
61
57
61
49
50
69
44
56
45
38
46
53
62
49
48
67
57
67
53
40
40
66
68
46
58
46
56
139
43
51
52
68
68
46
51
52
38
46
51
70
57
48
64
53
69
64
62
58
50
53
67
53
66
49
51
42
139
54
50
70
71
63
55
40
51
48
39
48
53
65
65
50
45
65
69
73
54
60
53
63
58
39
63
61
57
56
65
39
63
66
51
46
42
71
73
57
51
50
60
58
55
66
72
45
37
39
40
65
44
55
40
41
39
85
65
37
48
60
46
66
87
68
71
56
48
58
44
65
55
45
54
51
67
40
69
72
50
54
61
68
38
53
70
50
44
59
62
68
65
41
67
88
37
38
48
43
56
46
59
73
38
45
69
64
70
44
60
49
68
56
56
37
58
48
56
43
43
46
70
45
67
38
67
49
57
38
59
40
56
42
73
45
69
66
37
62
60
64
46
139
50
57
139
73
109
68
66
58
41
57
139
57
60
61
69
57
68
72
38
139
59
62
39
37
56
63
67
64
65
41
70
48
46
53
46
44
50
57
64
66
68
63
52
56
65
43
52
45
67
44
51
50
43
61
49
67
37
57
42
55
40
62
63
54
56
53
58
37
40
39
51
44
61
37
71
65
67
109
55
68
73
53
53
61
68
43
41
49
68
63
68
66
43
72
59
58
63
48
71
60
72
54
58
38
62
49
67
54
48
44
38
50
71
60
69
37
53
54
67
45
42
39
41
69
70
57
38
55
66
72
58
139
139
59
65
41
69
73
72
38
49
37
66
59
64
45
68
42
46
43
53
60
69
62
73
42
43
139
60
55
40
56
62
54
46
73
59
109
37
38
39
40
56
51
59
54
63
72
45
39
73
53
40
46
55
43
63
51
64
50
48
139
67
58
57
66
42
139
67
59
44
48
70
58
59
69
56
71
56
62
71
40
57
49
52
64
64
54
55
139
54
52
85
69
64
49
71
38
57
45
86
63
60
69
61
73
40
40
45
55
43
59
55
44
71
142
58
53
60
66
38
50
66
68
65
55
50
86
41
55
39
56
66
38
43
43
109
71
40
61
72
39
64
60
48
62
66
69
50
46
68
52
62
62
66
87
72
66
63
44
61
49
72
52
72
62
139
38
53
51
139
54
39
42
42
67
71
50
51
67
70
67
45
60
87
38
68
38
39
52
51
66
40
73
52
73
46
39
60
71
61
38
51
49
42
41
39
51
52
37
58
54
46
43
52
72
69
49
60
64
44
50
42
55
73
64
55
138
57
53
70
59
62
58
44
52
56
55
49
37
43
56
58
48
54
62
55
42
50
70
42
60
71
44
40
50
72
46
44
37
40
55
45
139
43
49
72
45
52
40
51
139
139
42
66
71
54
56
58
59
68
131
45
68
68
57
55
43
62
52
65
48
88
44
41
73
67
58
60
61
61
43
39
45
73
58
87
70
64
42
71
62
39
44
46
50
87
65
39
52
50
69
65
131
87
44
48
72
41
73
57
66
55
45
74
139
68
49
42
139
41
58
73
59
72
71
70
54
49
64
41
48
54
68
61
48
62
50
49
68
51
51
50
41
53
58
55
139
54
48
56
42
50
37
42
65
87
67
58
63
37
70
63
60
44
70
70
70
64
64
72
40
63
69
72
67
45
59
41
65
42
63
42
139
51
55
41
70
59
65
59
44
73
71
57
43
71
73
43
53
66
70
37
71
43
51
70
41
73
52
54
56
52
63
59
65
63
59
46
39
72
37
86
37
64
41
37
37
60
45
42
71
59
48
39
45
49
64
70
40
39
38
63
38
70
41
70
54
69
42
63
39
52
44
63
48
40
45
62
69
56
69
40
45
61
52
43
60
48
39
65
58
37
44
71
51
85
66
63
37
62
43
54
73
37
67
38
57
54
57
52
38
57
54
51
54
49
42
40
41
71
63
61
57
39
61
68
42
72
39
60
71
72
43
58
64
45
58
37
46
56
139
60
62
63
60
46
64
50
55
53
69
139
57
66
52
66
62
49
54
69
54
117
145
112
118
138
137
129
113
142
111
118
146
114
134
147
111
139
133
117
111
141
118
119
111
117
118
133
144
143
141
130
137
146
47
136
138
141
118
111
112
144
135
47
130
115
111
113
130
119
115
137
134
147
117
132
0
113
143
144
134
112
113
147
117
139
147
117
137
111
144
114
137
134
134
133
143
114
137
117
112
114
136
130
112
147
136
112
111
113
112
138
144
112
135
112
140
117
113
138
113
111
113
111
118
113
115
111
130
134
129
111
119
112
111
142
112
141
146
134
146
140
136
115
119
147
132
140
141
132
115
140
135
132
137
132
146
147
117
113
116
139
142
142
133
136
143
129
136
113
111
144
135
137
143
132
130
143
132
119
141
140
145
136
144
114
133
137
131
116
144
119
132
132
147
135
143
137
119
136
119
130
137
115
129
47
112
132
140
116
144
130
145
145
118
115
118
133
132
144
140
136
116
118
129
113
142
145
119
118
133
135
137
133
47
119
140
47
119
116
129
144
142
142
142
145
132
47
136
135
146
135
141
47
147
119
134
141
138
133
47
118
141
145
146
118
113
117
111
118
130
119
138
113
113
114
115
115
138
114
112
145
117
140
117
146
142
115
129
141
118
115
141
132
146
147
142
145
130
134
141
111
117
142
131
141
118
143
144
136
133
111
47
115
146
134
114
143
146
133
147
134
137
116
143
135
116
135
116
129
144
144
143
143
112
147
116
119
145
140
119
147
145
132
144
119
134
117
47
145
138
146
144
129
115
138
47
117
143
138
118
142
133
140
114
147
113
137
140
118
113
113
116
143
147
135
47
138
131
146
145
146
47
144
136
145
118
133
142
130
115
142
140
112
143
117
136
113
146
145
147
47
141
142
143
147
113
143
136
135
115
141
130
47
143
133
129
134
145
146
129
145
116
117
141
119
119
146
140
114
115
147
136
133
146
137
130
138
134
130
134
141
142
129
117
143
113
141
134
145
118
119
138
138
130
111
141
134
114
113
47
136
137
135
145
137
118
140
137
118
119
146
132
112
111
116
147
138
145
135
119
142
117
136
116
137
47
112
142
116
113
115
135
144
143
137
130
118
145
144
113
133
130
142
133
144
117
140
142
145
114
119
117
135
114
147
135
135
135
134
117
118
145
129
144
146
130
135
146
130
115
116
135
118
146
114
130
145
135
129
116
47
136
144
113
140
115
144
116
119
116
132
130
114
140
135
112
116
133
116
140
115
147
134
118
115
118
143
111
134
138
134
138
129
141
114
137
132
133
131
138
47
140
117
138
132
136
130
144
146
115
133
130
137
129
114
115
119
135
114
140
129
138
112
113
142
117
147
133
136
144
143
117
133
147
132
129
142
47
140
140
138
114
132
114
143
132
47
138
133
137
140
117
145
146
133
130
116
145
143
145
129
141
117
115
132
130
111
129
119
115
137
141
142
134
137
143
116
135
133
137
129
136
138
142
134
146
116
134
136
133
116
129
129
147
147
141
144
131
115
142
143
132
129
132
132
118
134
133
117
147
138
112
130
111
129
118
138
140
136
129
47
129
47
130
131
141
142
141
136
136
136
144
134
143
137
135
142
141
146
133
147
137
116
134
130
138
119
132
111
116
114
129
134
136
111
112
119
141
132
132
116
111
115
140
112
146
135
112
112
138
146
143
119
112
135
112
112
140
114
147
144
141
145
136
116
111
111
111
112
82
84
93
98
75
98
76
74
100
95
85
78
99
81
91
98
88
87
97
100
109
84
92
78
86
91
77
88
109
76
86
83
88
100
99
85
85
98
95
76
78
91
95
109
100
99
87
78
74
93
83
81
83
83
75
77
98
90
78
79
85
82
89
84
88
93
74
83
97
90
92
103
78
88
76
89
79
96
84
109
96
77
96
90
93
109
75
80
110
96
74
85
80
98
98
92
100
90
99
87
99
89
99
88
82
96
95
94
93
82
89
74
97
102
84
103
109
81
83
77
81
98
79
76
77
97
75
103
93
88
76
86
80
96
74
81
78
96
103
100
90
82
88
89
94
99
93
88
92
96
76
75
88
109
98
90
102
88
76
85
96
88
78
85
90
88
100
89
83
84
75
75
81
95
96
89
92
109
100
79
89
86
90
76
79
77
75
76
81
109
93
100
82
99
76
76
103
89
75
84
103
97
82
99
90
98
99
76
81
85
91
98
97
96
78
76
100
76
95
100
79
87
87
110
109
95
96
93
95
97
99
84
89
78
74
109
109
89
93
83
75
103
88
77
110
97
96
100
109
98
96
98
98
77
96
109
100
90
100
99
75
94
88
94
100
91
99
97
97
103
96
90
94
85
94
80
78
90
82
96
88
75
100
100
94
74
85
99
94
91
83
93
97
89
90
96
86
78
95
96
110
85
97
87
79
97
99
87
100
82
88
95
80
110
103
89
97
93
88
82
92
95
94
79
98
96
92
96
80
83
81
89
92
110
87
74
94
89
88
96
85
84
109
109
79
82
83
95
75
92
78
94
77
97
85
82
79
84
84
94
82
110
99
79
92
97
74
94
97
92
94
90
98
94
81
92
86
80
79
98
77
92
74
110
93
77
98
74
81
75
79
99
103
109
102
109
87
77
93
79
86
87
94
98
100
95
89
84
84
82
94
94
99
102
91
78
83
96
78
92
86
82
95
97
100
83
90
76
77
92
85
96
74
82
93
100
74
98
76
84
81
82
83
97
103
80
91
98
77
74
79
79
81
92
81
78
74
79
110
82
88
103
92
75
83
95
102
95
100
93
103
81
84
74
96
90
92
86
93
80
103
110
93
76
79
77
102
76
98
80
75
81
93
84
94
90
89
92
84
80
86
83
98
87
87
92
90
84
82
78
75
79
75
110
77
83
83
74
78
103
103
78
94
99
79
85
90
77
91
89
84
94
99
77
98
90
80
91
91
103
80
99
80
81
86
82
83
75
77
84
74
77
99
75
74
103
74
103
91
96
89
87
87
80
79
98
110
109
93
94
92
99
84
99
82
90
99
97
82
80
83
76
94
85
86
85
82
87
75
98
103
81
90
76
90
90
97
78
91
77
89
78
86
90
82
86
81
86
92
82
103
76
84
79
85
77
81
87
86
81
79
47
95
100
83
110
94
77
87
109
80
85
96
110
84
78
81
78
77
93
100
74
99
100
86
76
74
86
95
88
95
75
74
95
99
82
92
95
80
78
80
95
91
97
95
75
89
79
76
80
91
78
92
84
80
95
91
91
98
88
74
80
87
80
77
84
81
109
76
78
81
77
94
103
80
83
74
91
83
77
88
97
100
97
90
84
79
94
90
85
83
103
85
86
88
91
79
81
84
74
81
95
89
97
90
80
100
92
89
92
89
93
75
92
91
78
82
86
98
92
91
91
79
91
86
80
86
47
76
83
78
83
96
99
84
82
97
75
81
83
80
79
95
89
91
93
91
93
91
93
75
87
97
81
97
100
19
26
32
24
20
36
28
5
19
20
20
25
24
22
5
23
27
18
35
25
21
31
28
28
23
23
30
28
33
28
21
29
28
36
23
36
19
28
25
33
18
34
21
26
21
36
29
24
23
30
2
22
27
20
26
24
31
27
24
24
23
35
29
34
25
21
23
2
36
31
27
36
30
28
31
25
32
22
30
21
25
22
33
26
36
18
21
29
25
36
23
22
28
2
20
29
26
29
29
20
34
19
27
26
19
23
23
18
25
20
18
19
20
18
2
24
36
28
30
24
22
31
23
21
28
21
26
29
18
2
19
29
30
32
33
30
23
22
19
25
25
26
33
20
21
28
27
31
20
25
34
35
18
35
30
18
30
21
19
23
36
36
35
27
29
28
25
22
22
20
36
35
25
18
22
27
21
27
35
32
29
26
24
31
24
29
29
20
24
18
22
19
35
28
31
32
26
28
22
35
18
32
21
22
34
25
31
36
29
31
32
31
21
33
25
27
32
25
34
24
19
23
18
18
19
20
35
34
27
35
26
28
21
22
29
19
2
25
33
27
25
36
20
30
23
20
26
26
36
33
22
24
24
29
21
26
25
35
21
34
24
36
32
21
33
26
25
23
35
30
23
33
34
35
31
26
35
30
35
32
21
31
31
32
24
35
2
27
19
28
20
35
32
22
22
18
5
26
35
24
22
28
19
35
26
5
19
21
20
33
34
33
32
24
32
28
35
27
25
25
33
29
33
19
28
23
31
29
21
34
36
29
36
29
20
18
36
33
18
34
28
36
18
24
27
29
34
31
22
29
32
26
32
22
34
31
30
30
24
24
26
27
32
22
5
35
30
22
12
20
32
18
34
31
20
20
21
20
35
31
24
29
19
10
29
30
27
22
27
30
36
25
28
21
24
22
30
29
35
33
33
23
2
36
24
26
27
32
25
33
18
32
5
36
25
23
5
32
30
34
19
22
28
22
5
35
20
21
36
29
35
19
30
30
19
18
26
19
34
36
26
31
32
24
29
31
21
22
5
24
34
18
25
27
23
19
27
20
31
31
19
21
33
30
34
23
31
5
20
30
35
19
30
33
21
19
22
34
28
12
19
32
21
34
35
5
32
30
2
23
27
19
24
23
27
32
34
23
10
36
29
26
20
23
27
28
25
25
28
27
30
26
20
18
31
32
18
5
30
28
33
31
23
34
2
26
20
34
33
23
34
26
31
24
26
28
30
27
33
31
36
34
18
107
107
107
106
106
107
107
106
107
8
106
8
107
107
107
107
106
107
107
106
107
110
106
107
107
106
106
106
106
107
106
8
106
107
107
106
106
107
106
107
106
107
106
107
106
106
107
106
106
110
107
106
106
107
107
106
106
107
107
