# Input: ./data/p2p-Gnutella08.txt
# Nodes: 6301    Edges: 20777
# Algoritm: Clauset-Newman-Moore
# Modularity: 0.464721
# Communities: 22
# NId	CommunityId
0	0
1	0
2	0
3	0
4	0
5	0
6	0
7	0
8	0
9	0
10	0
1897	0
144	0
1418	0
1902	0
121	0
127	0
128	0
179	0
247	0
249	0
264	0
353	0
424	0
426	0
145	0
176	0
177	0
753	0
754	0
762	0
2064	0
3002	0
665	0
1394	0
1786	0
1904	0
1905	0
1907	0
124	0
147	0
246	0
248	0
250	0
251	0
252	0
15	0
17	0
20	0
123	0
129	0
143	0
367	0
427	0
718	0
3893	0
368	0
717	0
856	0
1908	0
1909	0
30	0
31	0
126	0
174	0
1199	0
36	0
1929	0
1934	0
101	0
1992	0
1948	0
83	0
148	0
351	0
946	0
2000	0
2001	0
369	0
422	0
559	0
2018	0
820	0
2020	0
2037	0
2038	0
2043	0
113	0
2032	0
1561	0
2066	0
2046	0
2047	0
1317	0
2052	0
2053	0
2056	0
120	0
122	0
125	0
1428	0
2060	0
146	0
390	0
423	0
2063	0
132	0
2071	0
2072	0
2073	0
696	0
698	0
755	0
947	0
2077	0
175	0
1246	0
2096	0
629	0
2084	0
141	0
142	0
149	0
150	0
2098	0
265	0
667	0
5338	0
5942	0
1245	0
238	0
155	0
167	0
172	0
266	0
173	0
180	0
3849	0
697	0
2122	0
2132	0
183	0
195	0
558	0
736	0
2146	0
1412	0
2178	0
314	0
1564	0
2174	0
2176	0
2217	0
2182	0
2183	0
2185	0
2193	0
1284	0
1073	0
1074	0
915	0
917	0
919	0
920	0
4181	0
586	0
2206	0
2208	0
2210	0
263	0
269	0
2224	0
1259	0
311	0
2243	0
298	0
299	0
352	0
666	0
378	0
1704	0
2250	0
2252	0
909	0
2261	0
339	0
2286	0
1755	0
343	0
345	0
2290	0
751	0
930	0
855	0
358	0
2312	0
2313	0
366	0
371	0
377	0
2338	0
1235	0
2350	0
391	0
394	0
395	0
2374	0
401	0
409	0
5014	0
1477	0
421	0
2401	0
2402	0
2404	0
2406	0
2407	0
2415	0
425	0
695	0
434	0
449	0
1868	0
465	0
1485	0
1487	0
481	0
485	0
2453	0
507	0
1352	0
2465	0
924	0
504	0
505	0
2491	0
2490	0
574	0
2501	0
2503	0
553	0
557	0
5570	0
5571	0
5236	0
605	0
613	0
740	0
2546	0
2548	0
2549	0
628	0
630	0
1430	0
1431	0
1432	0
6132	0
646	0
1411	0
2580	0
2606	0
694	0
2598	0
2621	0
1600	0
2627	0
2629	0
716	0
1885	0
720	0
3459	0
5137	0
1258	0
743	0
745	0
1255	0
2679	0
2670	0
1417	0
752	0
2712	0
2699	0
2695	0
2717	0
800	0
1866	0
2728	0
2733	0
1129	0
830	0
845	0
2750	0
2751	0
857	0
1706	0
2767	0
2770	0
2779	0
2796	0
2807	0
2790	0
2797	0
2819	0
2822	0
937	0
2829	0
1784	0
2873	0
2860	0
2861	0
2879	0
2881	0
1319	0
2885	0
2886	0
3028	0
984	0
985	0
986	0
987	0
989	0
990	0
991	0
2895	0
992	0
993	0
2900	0
2901	0
2922	0
1029	0
1176	0
1046	0
1059	0
1082	0
2986	0
1094	0
1113	0
1135	0
1144	0
3009	0
3026	0
3032	0
3040	0
3042	0
3043	0
1161	0
3058	0
3048	0
3059	0
3077	0
3323	0
3088	0
3116	0
3118	0
3132	0
1290	0
3138	0
3142	0
1504	0
1310	0
3167	0
3168	0
3192	0
3176	0
3190	0
1355	0
3213	0
3216	0
3236	0
3552	0
5785	0
1388	0
1393	0
3233	0
1409	0
3262	0
3255	0
3258	0
3276	0
1414	0
1416	0
3269	0
3290	0
1433	0
3304	0
1458	0
1473	0
1494	0
3327	0
3348	0
1537	0
5895	0
1550	0
1559	0
3356	0
1586	0
1596	0
1597	0
1601	0
1602	0
1603	0
1647	0
3403	0
1665	0
1667	0
3415	0
3417	0
3448	0
1676	0
3452	0
3465	0
3484	0
1722	0
1723	0
1732	0
3495	0
1739	0
3529	0
3503	0
3505	0
3515	0
3526	0
3537	0
1806	0
1813	0
3544	0
1816	0
3551	0
3553	0
3577	0
3596	0
1884	0
3673	0
3693	0
3734	0
3757	0
3764	0
3817	0
3820	0
3826	0
3827	0
3843	0
3850	0
3856	0
3883	0
3890	0
3910	0
3914	0
3915	0
5724	0
3937	0
3946	0
3948	0
3945	0
6181	0
4275	0
3979	0
3976	0
4002	0
4003	0
4016	0
4032	0
4051	0
4076	0
4103	0
4111	0
4112	0
4113	0
4114	0
4160	0
4164	0
4161	0
4162	0
4174	0
4179	0
4187	0
4196	0
4197	0
4206	0
4211	0
4220	0
4227	0
4234	0
5418	0
4257	0
4260	0
4276	0
4279	0
4297	0
4405	0
4303	0
5452	0
4306	0
4313	0
4314	0
4330	0
4353	0
4358	0
4382	0
4384	0
4385	0
4386	0
4388	0
4399	0
4419	0
4428	0
4445	0
4457	0
4456	0
4532	0
4470	0
4465	0
4472	0
4482	0
4508	0
4553	0
4579	0
4598	0
4636	0
4705	0
4728	0
4752	0
4751	0
4755	0
4784	0
4810	0
4874	0
4900	0
6138	0
5893	0
4949	0
5267	0
4988	0
4999	0
4995	0
5008	0
5029	0
5044	0
5090	0
5122	0
5146	0
5148	0
5201	0
5245	0
5255	0
5247	0
5263	0
5281	0
5332	0
5339	0
5359	0
5386	0
5421	0
5478	0
5498	0
5510	0
5515	0
5532	0
5543	0
5590	0
5599	0
5636	0
5654	0
5710	0
5726	0
5731	0
5730	0
5792	0
5809	0
5828	0
5819	0
5834	0
5885	0
5928	0
5950	0
5962	0
5978	0
5988	0
6060	0
6045	0
6046	0
6067	0
6077	0
6092	0
6159	0
6174	0
6175	0
6264	0
6276	0
703	1
1899	1
1669	1
1901	1
16	1
2254	1
4408	1
1702	1
1833	1
28	1
1022	1
1511	1
846	1
1516	1
1517	1
2201	1
637	1
870	1
1954	1
2237	1
2630	1
1459	1
41	1
725	1
1376	1
1930	1
50	1
2366	1
57	1
1944	1
1994	1
1999	1
1194	1
1950	1
66	1
67	1
68	1
70	1
71	1
72	1
73	1
74	1
75	1
534	1
1123	1
2222	1
2789	1
3332	1
3769	1
3956	1
152	1
219	1
965	1
1953	1
1955	1
1958	1
1969	1
1970	1
1972	1
1973	1
1975	1
1976	1
190	1
1142	1
1337	1
1964	1
1965	1
1966	1
1968	1
898	1
1989	1
1240	1
111	1
117	1
2035	1
1670	1
1846	1
2068	1
2050	1
1089	1
2051	1
578	1
1451	1
2062	1
503	1
2078	1
130	1
134	1
136	1
138	1
139	1
2094	1
1274	1
2102	1
2480	1
2984	1
4463	1
4945	1
446	1
1752	1
2089	1
2090	1
2091	1
285	1
2112	1
170	1
2124	1
3066	1
700	1
1766	1
2134	1
2370	1
192	1
193	1
2388	1
2389	1
2390	1
1556	1
2148	1
2154	1
2157	1
208	1
210	1
212	1
213	1
215	1
216	1
217	1
2430	1
1358	1
2164	1
2179	1
229	1
232	1
1726	1
2218	1
2219	1
2220	1
2221	1
2223	1
2184	1
2198	1
1068	1
1069	1
1070	1
918	1
983	1
873	1
808	1
2214	1
2216	1
260	1
2226	1
2227	1
270	1
271	1
272	1
273	1
274	1
276	1
277	1
278	1
600	1
1583	1
2247	1
2248	1
2249	1
280	1
282	1
552	1
790	1
1202	1
1620	1
712	1
955	1
1227	1
296	1
1573	1
308	1
2262	1
2264	1
325	1
327	1
330	1
1507	1
2269	1
2270	1
2272	1
2278	1
2279	1
681	1
822	1
2274	1
2276	1
1587	1
349	1
2289	1
881	1
473	1
1716	1
2297	1
2298	1
2300	1
357	1
2311	1
379	1
2373	1
386	1
389	1
609	1
1077	1
2361	1
2362	1
2363	1
2364	1
2354	1
693	1
882	1
1383	1
1538	1
1792	1
2358	1
2359	1
392	1
814	1
944	1
2381	1
2382	1
2383	1
2384	1
2385	1
2386	1
2387	1
2375	1
2378	1
2392	1
418	1
1814	1
2839	1
769	1
1541	1
2467	1
2468	1
2469	1
2471	1
2395	1
2411	1
2414	1
430	1
438	1
1415	1
2416	1
2417	1
2419	1
2420	1
2421	1
2422	1
1090	1
2500	1
1522	1
2443	1
2445	1
2446	1
442	1
448	1
878	1
2439	1
2440	1
458	1
461	1
462	1
463	1
2449	1
469	1
471	1
476	1
477	1
1509	1
3205	1
4282	1
4828	1
4829	1
4830	1
480	1
722	1
726	1
1048	1
2462	1
2463	1
1764	1
496	1
2472	1
2473	1
2474	1
521	1
580	1
582	1
583	1
571	1
2506	1
2511	1
548	1
555	1
556	1
765	1
721	1
804	1
2521	1
2522	1
2523	1
1353	1
2953	1
4846	1
5238	1
1610	1
1427	1
1782	1
2540	1
2541	1
2542	1
715	1
2536	1
2537	1
602	1
611	1
2543	1
2544	1
619	1
620	1
2553	1
2554	1
634	1
2941	1
3112	1
5880	1
6131	1
6133	1
748	1
796	1
869	1
877	1
644	1
645	1
2563	1
2564	1
647	1
648	1
650	1
651	1
653	1
655	1
1032	1
2565	1
2566	1
2567	1
1084	1
2579	1
679	1
680	1
682	1
684	1
686	1
687	1
688	1
1841	1
1844	1
1845	1
690	1
851	1
2586	1
2632	1
2633	1
2590	1
2592	1
689	1
691	1
692	1
2602	1
2603	1
2605	1
2607	1
2608	1
2609	1
2610	1
699	1
2595	1
1027	1
2611	1
2612	1
2614	1
2616	1
2617	1
2618	1
2620	1
1581	1
2634	1
2635	1
2636	1
2637	1
2639	1
1047	1
834	1
1195	1
2647	1
2648	1
719	1
723	1
724	1
727	1
2713	1
1313	1
3654	1
3726	1
4072	1
5138	1
5139	1
2657	1
2684	1
739	1
1380	1
1609	1
2664	1
2665	1
2666	1
2681	1
2683	1
2669	1
1454	1
2708	1
2687	1
770	1
1024	1
2700	1
2701	1
2702	1
2703	1
785	1
2715	1
2718	1
787	1
788	1
792	1
793	1
794	1
805	1
807	1
816	1
2738	1
2739	1
4844	1
4878	1
5224	1
5629	1
1223	1
894	1
847	1
848	1
849	1
854	1
860	1
2746	1
2766	1
1146	1
1762	1
2754	1
1336	1
2756	1
2758	1
2759	1
2760	1
879	1
880	1
884	1
2771	1
2774	1
895	1
1671	1
2818	1
2838	1
2841	1
2843	1
1249	1
1540	1
4892	1
1208	1
2872	1
2874	1
2858	1
2859	1
2866	1
2868	1
1318	1
1143	1
988	1
2889	1
2890	1
994	1
995	1
1001	1
2931	1
2934	1
2936	1
1010	1
2920	1
2921	1
2924	1
2925	1
1221	1
1316	1
2952	1
2954	1
2962	1
1049	1
1053	1
2972	1
2974	1
2975	1
1086	1
1457	1
2985	1
3109	1
1568	1
3110	1
3111	1
1117	1
1119	1
1120	1
1121	1
2997	1
1136	1
1139	1
3012	1
3013	1
3014	1
3033	1
3180	1
3038	1
3046	1
1173	1
3781	1
5009	1
1192	1
1382	1
3062	1
1200	1
1201	1
1203	1
1206	1
1207	1
3105	1
3098	1
3071	1
3072	1
3073	1
3075	1
3076	1
3078	1
3156	1
3981	1
5311	1
1243	1
3106	1
3107	1
3108	1
1247	1
1248	1
1250	1
3117	1
1260	1
1261	1
1263	1
1265	1
1266	1
1269	1
1273	1
3127	1
1299	1
3134	1
3139	1
3140	1
1294	1
1295	1
1296	1
1297	1
1298	1
1763	1
3166	1
3159	1
3161	1
3173	1
1725	1
1727	1
3179	1
3202	1
1369	1
3211	1
3217	1
1767	1
1817	1
3220	1
3221	1
3222	1
1379	1
1381	1
1384	1
1386	1
1387	1
1437	1
3235	1
4170	1
5428	1
5786	1
5787	1
3280	1
3259	1
3272	1
3273	1
3951	1
3295	1
1453	1
1455	1
3308	1
3310	1
3319	1
1493	1
1501	1
1506	1
1508	1
1510	1
1513	1
1514	1
1515	1
1528	1
4793	1
5916	1
1542	1
1543	1
3347	1
1548	1
3346	1
3360	1
3361	1
3362	1
3374	1
3375	1
1579	1
1580	1
1797	1
3369	1
1605	1
1606	1
1611	1
1613	1
1615	1
1658	1
1627	1
3384	1
3385	1
3409	1
3410	1
3411	1
1668	1
3413	1
3414	1
3572	1
1673	1
3449	1
3468	1
3488	1
3517	1
3518	1
3519	1
3524	1
3680	1
1769	1
1770	1
1771	1
1773	1
1774	1
3532	1
1793	1
3563	1
3540	1
3541	1
1794	1
1795	1
1796	1
3546	1
3548	1
3549	1
3550	1
1815	1
1818	1
1820	1
3556	1
3564	1
3557	1
3558	1
3559	1
3561	1
3585	1
3586	1
3587	1
3588	1
3589	1
1855	1
3675	1
1872	1
3620	1
3621	1
3622	1
3623	1
1877	1
1878	1
1879	1
1880	1
1883	1
3629	1
3630	1
3631	1
3678	1
3695	1
3704	1
3705	1
3706	1
3707	1
3732	1
3733	1
3735	1
3736	1
3754	1
3755	1
3756	1
3749	1
3751	1
3752	1
3753	1
5796	1
5177	1
3782	1
3783	1
3784	1
3772	1
3789	1
3798	1
3796	1
5175	1
3823	1
3824	1
3825	1
3879	1
3854	1
3864	1
3860	1
3869	1
3870	1
3872	1
3873	1
3877	1
3884	1
3885	1
3903	1
3891	1
3892	1
3897	1
3923	1
3924	1
3926	1
3927	1
3928	1
3929	1
5114	1
5115	1
5117	1
5909	1
3953	1
3955	1
3957	1
3968	1
3969	1
3970	1
3965	1
3966	1
3967	1
3975	1
3982	1
3996	1
5162	1
4008	1
4019	1
5645	1
4056	1
4281	1
6168	1
6232	1
4088	1
4045	1
4046	1
4047	1
4048	1
4049	1
4050	1
4052	1
4059	1
4061	1
4069	1
4071	1
4073	1
4074	1
4077	1
4089	1
4090	1
4093	1
4101	1
4957	1
5305	1
4115	1
4120	1
5450	1
4124	1
4141	1
4142	1
4140	1
4158	1
4159	1
4163	1
4165	1
4168	1
4169	1
4222	1
4186	1
4198	1
4205	1
4208	1
4209	1
4210	1
4212	1
4213	1
4218	1
4229	1
4238	1
4239	1
4235	1
4240	1
4242	1
5806	1
5807	1
5808	1
4262	1
4267	1
4268	1
4273	1
4283	1
4291	1
4298	1
4308	1
4322	1
4334	1
4352	1
4339	1
4340	1
4368	1
4341	1
4343	1
4371	1
4397	1
4398	1
4407	1
5779	1
4413	1
4414	1
4416	1
4422	1
4423	1
4437	1
4444	1
4464	1
4471	1
4658	1
4640	1
4714	1
5403	1
5405	1
4502	1
4533	1
4534	1
4545	1
4573	1
4551	1
5931	1
4563	1
4564	1
4557	1
4590	1
4601	1
4602	1
4603	1
4604	1
4605	1
4606	1
4608	1
4621	1
4622	1
4633	1
4634	1
4646	1
4647	1
5638	1
6038	1
4663	1
4665	1
4666	1
4667	1
4668	1
4683	1
4692	1
4694	1
4715	1
4723	1
4731	1
4741	1
4750	1
4746	1
4764	1
4770	1
4771	1
4872	1
4883	1
4798	1
4800	1
4815	1
4816	1
4817	1
4827	1
4823	1
4867	1
4913	1
5823	1
4910	1
4911	1
4912	1
4923	1
4924	1
4925	1
4930	1
5089	1
4931	1
4940	1
4941	1
4942	1
5155	1
4960	1
4982	1
4983	1
5002	1
5890	1
5016	1
5017	1
5021	1
5019	1
5020	1
6242	1
5022	1
5040	1
5069	1
5072	1
5073	1
5074	1
5075	1
5087	1
5099	1
5100	1
5101	1
5102	1
5361	1
5123	1
5129	1
5133	1
5134	1
5136	1
5141	1
5053	1
5161	1
5168	1
5182	1
5195	1
5205	1
5223	1
5231	1
5228	1
5257	1
5265	1
5268	1
5286	1
5294	1
5307	1
5315	1
5331	1
5572	1
5344	1
5348	1
5346	1
5347	1
5366	1
5369	1
5381	1
5377	1
5378	1
5379	1
5385	1
5397	1
5412	1
5413	1
5423	1
5430	1
5431	1
5432	1
5433	1
5442	1
5443	1
5459	1
5460	1
5462	1
5464	1
5492	1
5503	1
5881	1
5531	1
5544	1
5545	1
5552	1
5555	1
5578	1
5579	1
5580	1
5604	1
5612	1
5623	1
5624	1
5625	1
5627	1
5637	1
5644	1
5678	1
5679	1
5681	1
5683	1
5684	1
5685	1
5686	1
5687	1
5700	1
5695	1
5720	1
5728	1
5729	1
5734	1
5754	1
5760	1
5762	1
5769	1
5770	1
5772	1
5542	1
5783	1
5789	1
5790	1
5791	1
5798	1
5800	1
5801	1
5802	1
5822	1
5817	1
5825	1
5826	1
5831	1
5832	1
5833	1
5835	1
5841	1
5842	1
5843	1
5902	1
5903	1
6292	1
6293	1
6294	1
6295	1
5873	1
5883	1
5906	1
5907	1
5908	1
5912	1
5913	1
5911	1
5917	1
5924	1
5926	1
5932	1
5975	1
5951	1
5953	1
5956	1
5964	1
5970	1
5976	1
5979	1
5992	1
5997	1
5998	1
5999	1
6014	1
6016	1
6017	1
6019	1
6020	1
6021	1
6047	1
6064	1
6065	1
6069	1
6079	1
6082	1
6083	1
6090	1
6128	1
6129	1
6130	1
6141	1
6167	1
6193	1
6187	1
6229	1
6246	1
6253	1
6254	1
6269	1
6262	1
6273	1
6283	1
6277	1
6278	1
6290	1
6300	1
826	2
53	2
94	2
169	2
818	2
2118	2
2119	2
2121	2
184	2
2211	2
2231	2
275	2
2251	2
2296	2
2394	2
2487	2
575	2
1854	2
2968	2
2628	2
2802	2
1055	2
2969	2
2970	2
3011	2
3095	2
3120	2
4825	2
1442	2
3456	2
1839	2
3591	2
3592	2
3573	2
3602	2
3603	2
3604	2
3919	2
3938	2
3939	2
3940	2
3941	2
3942	2
3987	2
4117	2
4403	2
4453	2
4454	2
5634	2
4505	2
4521	2
4522	2
4523	2
4524	2
4525	2
4527	2
4528	2
4529	2
4530	2
4531	2
4542	2
4543	2
4650	2
4834	2
4835	2
5264	2
4996	2
5012	2
5042	2
5086	2
5135	2
5408	2
5409	2
5410	2
5513	2
5514	2
5548	2
5633	2
5647	2
5648	2
5649	2
5652	2
5810	2
5871	2
5872	2
5923	2
5965	2
5989	2
6089	2
6155	2
6237	2
6230	2
6231	2
6266	2
6274	2
6275	2
1097	3
1287	3
1591	3
1895	3
1896	3
1903	3
520	3
852	3
1906	3
11	3
12	3
14	3
18	3
19	3
21	3
809	3
2761	3
3619	3
1916	3
1919	3
1920	3
23	3
1915	3
1219	3
3874	3
1700	3
1703	3
38	3
2002	3
2007	3
2167	3
2168	3
2170	3
1378	3
1926	3
1932	3
1936	3
45	3
49	3
2893	3
3593	3
3840	3
3999	3
55	3
56	3
58	3
59	3
63	3
65	3
1945	3
1993	3
1364	3
1977	3
1979	3
1982	3
91	3
1947	3
86	3
2003	3
2004	3
2006	3
2008	3
2009	3
1971	3
1967	3
76	3
78	3
79	3
80	3
81	3
82	3
84	3
2205	3
2014	3
1984	3
1985	3
1988	3
1990	3
1991	3
87	3
88	3
89	3
90	3
93	3
95	3
96	3
97	3
211	3
914	3
1476	3
1776	3
2011	3
2012	3
243	3
2194	3
100	3
108	3
2017	3
2022	3
324	3
365	3
1486	3
2039	3
2042	3
115	3
2034	3
2067	3
2044	3
658	3
2057	3
2061	3
222	3
2070	3
133	3
778	3
2080	3
131	3
2093	3
2085	3
2086	3
2088	3
786	3
5048	3
158	3
813	3
1688	3
2104	3
2106	3
2107	3
2108	3
2113	3
165	3
531	3
1390	3
2123	3
1264	3
178	3
1575	3
255	3
256	3
2126	3
2127	3
2128	3
1489	3
2133	3
194	3
2391	3
1020	3
2135	3
2136	3
2137	3
2138	3
2139	3
2140	3
2141	3
2143	3
197	3
198	3
199	3
201	3
203	3
204	3
207	3
412	3
604	3
714	3
2152	3
2153	3
2156	3
2158	3
2159	3
2160	3
5973	3
5974	3
494	3
2162	3
2163	3
2165	3
2166	3
1749	3
1861	3
2172	3
231	3
235	3
244	3
2189	3
2191	3
2192	3
2196	3
2197	3
2199	3
2200	3
2202	3
916	3
1389	3
1475	3
2212	3
2215	3
1137	3
1300	3
267	3
2232	3
2233	3
2234	3
1800	3
279	3
283	3
286	3
287	3
779	3
838	3
1371	3
1891	3
1892	3
2236	3
2244	3
292	3
774	3
341	3
764	3
883	3
2260	3
3677	3
568	3
1004	3
2273	3
335	3
1888	3
2285	3
1052	3
3590	3
4152	3
4153	3
364	3
342	3
348	3
2291	3
2304	3
1322	3
1366	3
2293	3
2294	3
2295	3
432	3
356	3
359	3
2309	3
2314	3
572	3
1212	3
2322	3
2323	3
2324	3
2325	3
1334	3
2332	3
2333	3
2335	3
2336	3
360	3
361	3
362	3
1234	3
385	3
2339	3
2340	3
2341	3
2342	3
2344	3
2356	3
396	3
977	3
2377	3
400	3
406	3
407	3
1217	3
415	3
2532	3
3215	3
4254	3
5502	3
676	3
803	3
1019	3
1002	3
2470	3
2397	3
2408	3
428	3
429	3
431	3
433	3
435	3
436	3
437	3
2424	3
2425	3
2426	3
2427	3
1370	3
1565	3
1824	3
2433	3
468	3
2448	3
2451	3
475	3
3309	3
4207	3
2481	3
2482	3
2483	3
2484	3
2485	3
2486	3
478	3
482	3
483	3
484	3
488	3
2460	3
1812	3
532	3
2495	3
2496	3
2497	3
489	3
490	3
493	3
495	3
497	3
498	3
2464	3
2466	3
892	3
1372	3
2475	3
2476	3
2477	3
2478	3
2479	3
1471	3
500	3
514	3
579	3
581	3
526	3
527	3
1171	3
1342	3
2671	3
3786	3
4248	3
4455	3
4876	3
4980	3
528	3
529	3
530	3
535	3
536	3
576	3
1329	3
1330	3
1512	3
1132	3
538	3
2505	3
2515	3
551	3
1288	3
2516	3
2517	3
2518	3
3312	3
4477	3
4516	3
823	3
560	3
562	3
563	3
564	3
565	3
566	3
569	3
2583	3
2584	3
4318	3
3171	3
5235	3
5239	3
2528	3
2529	3
2530	3
2531	3
2533	3
2538	3
2535	3
599	3
601	3
603	3
606	3
1040	3
1439	3
2555	3
610	3
1392	3
2560	3
2561	3
2547	3
2550	3
747	3
750	3
874	3
652	3
654	3
1326	3
2572	3
2573	3
2574	3
2575	3
798	3
1023	3
2568	3
2569	3
2570	3
2571	3
669	3
1347	3
2604	3
1690	3
2597	3
2601	3
1056	3
706	3
2640	3
2622	3
2625	3
4623	3
4624	3
2642	3
2644	3
2646	3
2650	3
741	3
2659	3
2720	3
2721	3
2722	3
2678	3
2667	3
2668	3
2672	3
817	3
2674	3
2675	3
2677	3
760	3
2688	3
2689	3
767	3
768	3
771	3
772	3
1618	3
1863	3
2690	3
2692	3
2693	3
2694	3
2696	3
1003	3
1402	3
1717	3
777	3
780	3
782	3
783	3
2714	3
812	3
1324	3
1327	3
1328	3
2748	3
2749	3
2752	3
1709	3
2740	3
2743	3
1333	3
1408	3
1860	3
1655	3
889	3
2776	3
2951	3
2959	3
2960	3
2961	3
1292	3
1397	3
2786	3
2788	3
2798	3
1213	3
2820	3
926	3
933	3
3777	3
2828	3
2840	3
1228	3
2847	3
2865	3
2867	3
2869	3
2870	3
1140	3
2888	3
2891	3
2896	3
2897	3
999	3
1000	3
1006	3
1007	3
1008	3
1100	3
1291	3
2903	3
2904	3
2905	3
2906	3
1533	3
2928	3
2929	3
2930	3
1026	3
3191	3
2937	3
1750	3
2940	3
2944	3
2950	3
2958	3
2963	3
2964	3
2965	3
2966	3
2967	3
1043	3
3146	3
2989	3
2991	3
2982	3
1085	3
1374	3
1111	3
1115	3
3018	3
3021	3
3022	3
1118	3
2996	3
2998	3
3000	3
1127	3
3005	3
3006	3
3007	3
3008	3
3017	3
3024	3
3027	3
1155	3
3035	3
3036	3
3037	3
3041	3
1167	3
1169	3
1170	3
1331	3
1341	3
1344	3
1209	3
1210	3
1211	3
1214	3
1216	3
3080	3
3082	3
3083	3
1218	3
1220	3
1222	3
1225	3
1226	3
1229	3
4906	3
4907	3
3084	3
3085	3
3670	3
1881	3
3096	3
3097	3
1254	3
3115	3
3124	3
1278	3
1281	3
3153	3
3841	3
3133	3
3136	3
1286	3
1289	3
1293	3
3137	3
3143	3
3144	3
3145	3
3149	3
3164	3
3172	3
1338	3
3177	3
1754	3
3184	3
3185	3
3186	3
3214	3
1373	3
1377	3
3224	3
3226	3
5241	3
3249	3
3250	3
3251	3
1391	3
1395	3
3230	3
3231	3
3232	3
3234	3
3288	3
3289	3
3247	3
3257	3
3260	3
3261	3
3279	3
1413	3
1423	3
3305	3
1456	3
3311	3
3316	3
1474	3
3317	3
3318	3
3320	3
3321	3
3322	3
4301	3
3336	3
1553	3
1636	3
1585	3
1588	3
1592	3
1593	3
3383	3
1672	3
3389	3
3391	3
3392	3
3393	3
3386	3
3395	3
3398	3
1650	3
1652	3
3402	3
4803	3
3416	3
3422	3
3428	3
3430	3
1685	3
1686	3
1687	3
1691	3
3439	3
3440	3
3441	3
3442	3
3669	3
3467	3
3455	3
3457	3
3458	3
3469	3
3470	3
3471	3
3479	3
1712	3
1713	3
3472	3
3473	3
3474	3
3475	3
1721	3
3486	3
3476	3
1731	3
1746	3
3504	3
1748	3
3506	3
3508	3
3510	3
3511	3
3512	3
3516	3
3531	3
3538	3
1809	3
3554	3
1821	3
1823	3
1825	3
1826	3
1832	3
3583	3
3584	3
3574	3
1848	3
1856	3
1858	3
1859	3
1862	3
3605	3
3606	3
3607	3
3608	3
3799	3
3800	3
3801	3
3802	3
3803	3
3804	3
3806	3
1876	3
3633	3
3634	3
3635	3
3627	3
3674	3
1893	3
3671	3
3672	3
3679	3
3684	3
3685	3
3686	3
3687	3
3690	3
3696	3
3697	3
3698	3
3699	3
3713	3
3714	3
3723	3
3729	3
3730	3
3731	3
3738	3
3739	3
3740	3
3741	3
3744	3
3768	3
3771	3
3773	3
3774	3
3785	3
3787	3
3788	3
3790	3
3791	3
3792	3
3793	3
3807	3
3809	3
3810	3
3811	3
4438	3
5170	3
5172	3
5173	3
5174	3
3819	3
3815	3
3822	3
3829	3
3834	3
3835	3
3836	3
3837	3
3839	3
3842	3
3844	3
3845	3
3846	3
3861	3
3871	3
3868	3
3886	3
3880	3
3881	3
3888	3
3889	3
3900	3
3909	3
3911	3
3912	3
5343	3
5468	3
5958	3
5959	3
5960	3
3896	3
3898	3
3899	3
3920	3
3922	3
4080	3
5310	3
6000	3
3933	3
5116	3
4501	3
4894	3
6108	3
3963	3
3983	3
3985	3
3995	3
3997	3
4005	3
4006	3
4373	3
5164	3
5165	3
4012	3
4014	3
4015	3
4018	3
4022	3
4023	3
4025	3
4026	3
4031	3
4033	3
4030	3
4041	3
4036	3
4038	3
4063	3
4064	3
4075	3
4079	3
4098	3
4099	3
4100	3
4122	3
4107	3
4110	3
4118	3
4119	3
5449	3
4126	3
4127	3
4128	3
4151	3
4136	3
4131	3
4137	3
4263	3
4155	3
4156	3
4157	3
4166	3
4176	3
4193	3
4200	3
4216	3
4225	3
4226	3
4231	3
4315	3
5289	3
4241	3
4245	3
4868	3
5154	3
4251	3
4252	3
4253	3
4258	3
4259	3
4261	3
4265	3
4290	3
4296	3
4300	3
4299	3
4307	3
4309	3
4336	3
4325	3
4332	3
4335	3
4345	3
4338	3
4361	3
4362	3
4393	3
4394	3
4396	3
4377	3
4378	3
4379	3
4380	3
4387	3
4401	3
4404	3
4415	3
4537	3
4538	3
4431	3
4435	3
4434	3
4443	3
4446	3
4447	3
4448	3
4459	3
4460	3
4462	3
4469	3
4479	3
4480	3
4484	3
4491	3
4526	3
4517	3
4518	3
4520	3
4536	3
4541	3
4641	3
4546	3
4547	3
4549	3
4550	3
4565	3
4569	3
4580	3
4581	3
4585	3
4597	3
4618	3
4619	3
4709	3
4631	3
4625	3
4643	3
4654	3
4670	3
4678	3
4675	3
4680	3
4684	3
4720	3
4722	3
4724	3
4732	3
4733	3
4743	3
4744	3
4745	3
4735	3
4739	3
4754	3
4756	3
4757	3
4758	3
4839	3
4840	3
4841	3
4842	3
4843	3
4773	3
4774	3
4775	3
4776	3
4777	3
4854	3
4780	3
4790	3
4799	3
4805	3
4812	3
4821	3
4845	3
4847	3
4866	3
4857	3
4869	3
4870	3
4871	3
4873	3
4875	3
4882	3
4885	3
4886	3
4887	3
4888	3
4903	3
4914	3
4915	3
4916	3
4926	3
4927	3
4928	3
5852	3
4932	3
4933	3
4951	3
4958	3
5229	3
5937	3
5938	3
5939	3
4975	3
4976	3
4977	3
4978	3
4989	3
4990	3
4981	3
4991	3
4992	3
4994	3
4997	3
5496	3
5023	3
5050	3
5045	3
5124	3
5125	3
5052	3
5063	3
5078	3
5079	3
5080	3
5083	3
5091	3
5092	3
5096	3
5814	3
5815	3
5118	3
5142	3
5169	3
5190	3
5200	3
5202	3
5203	3
5204	3
5211	3
5214	3
5217	3
5218	3
5219	3
5221	3
5225	3
5242	3
5243	3
5253	3
5279	3
5276	3
5274	3
5275	3
5284	3
5290	3
5302	3
5303	3
5308	3
5309	3
5317	3
5319	3
5321	3
5333	3
5334	3
5335	3
5340	3
5341	3
5356	3
5360	3
5394	3
5395	3
5342	3
5407	3
5954	3
5955	3
5419	3
5420	3
5425	3
5438	3
5444	3
5445	3
5446	3
5447	3
5473	3
5475	3
5454	3
5455	3
5461	3
5463	3
5467	3
5472	3
5495	3
5499	3
5506	3
5526	3
5530	3
5535	3
5559	3
5560	3
5561	3
5566	3
5567	3
5573	3
5574	3
5575	3
5576	3
5589	3
5593	3
5602	3
5613	3
5614	3
5616	3
5635	3
5680	3
5682	3
5711	3
5712	3
5713	3
5702	3
5704	3
5714	3
5725	3
5749	3
5761	3
5771	3
5776	3
5782	3
5784	3
5811	3
5824	3
5830	3
5839	3
5896	3
5925	3
5936	3
5952	3
5977	3
5981	3
6007	3
6024	3
6025	3
6015	3
6070	3
6072	3
6078	3
6080	3
6094	3
6095	3
6124	3
6127	3
6165	3
6152	3
6171	3
6176	3
6177	3
6178	3
6182	3
6183	3
6236	3
1898	4
491	4
1842	4
1918	4
1028	4
33	4
34	4
35	4
37	4
40	4
43	4
2169	4
1604	4
1679	4
1931	4
1933	4
1935	4
47	4
1942	4
1996	4
1978	4
85	4
2203	4
1067	4
2041	4
2033	4
2065	4
1160	4
2055	4
2058	4
864	4
2079	4
135	4
140	4
1831	4
2087	4
1150	4
2099	4
2100	4
2101	4
470	4
5940	4
151	4
153	4
154	4
157	4
159	4
161	4
2114	4
164	4
4539	4
5483	4
200	4
205	4
2155	4
1071	4
921	4
268	4
2228	4
414	4
1571	4
1197	4
295	4
305	4
587	4
710	4
1850	4
2256	4
2257	4
2258	4
711	4
2265	4
331	4
332	4
333	4
334	4
336	4
376	4
843	4
2319	4
370	4
862	4
1734	4
354	4
372	4
373	4
374	4
375	4
2315	4
2316	4
2317	4
2320	4
2351	4
2360	4
951	4
2357	4
397	4
398	4
2379	4
2380	4
3306	4
3029	4
5484	4
5501	4
2398	4
2405	4
2409	4
2410	4
2784	4
4781	4
2494	4
577	4
2935	4
541	4
2534	4
982	4
1311	4
561	4
567	4
584	4
2525	4
2526	4
2527	4
585	4
2562	4
1429	4
876	4
732	4
671	4
1843	4
2594	4
1594	4
709	4
713	4
1156	4
928	4
2652	4
738	4
2698	4
2691	4
1335	4
2706	4
815	4
2736	4
1325	4
850	4
859	4
861	4
865	4
867	4
868	4
2744	4
2745	4
2747	4
2768	4
1145	4
1147	4
1148	4
1149	4
1152	4
1153	4
2755	4
902	4
2780	4
2782	4
2783	4
2792	4
2804	4
923	4
925	4
927	4
2821	4
2823	4
948	4
949	4
950	4
1661	4
2830	4
2831	4
2832	4
2833	4
2834	4
2835	4
1570	4
1747	4
2824	4
2825	4
2827	4
958	4
4123	4
4973	4
4974	4
1779	4
2853	4
969	4
3030	4
3031	4
2932	4
2942	4
2943	4
1057	4
1058	4
1062	4
1065	4
1066	4
2993	4
2976	4
2977	4
3019	4
2999	4
3001	4
1134	4
1852	4
1154	4
1159	4
1340	4
1849	4
1385	4
1251	4
1252	4
1257	4
3129	4
3160	4
3200	4
3223	4
3210	4
3212	4
5494	4
3228	4
3248	4
3253	4
3246	4
3266	4
3254	4
1404	4
3274	4
3277	4
3278	4
3297	4
3307	4
3315	4
1518	4
1519	4
3349	4
3350	4
1520	4
1521	4
1523	4
1525	4
1526	4
4172	4
3351	4
1569	4
1576	4
1595	4
1614	4
1657	4
1660	4
1662	4
1663	4
1664	4
4109	4
1729	4
5176	4
1742	4
1744	4
1745	4
3507	4
3514	4
3521	4
3522	4
1772	4
3530	4
1811	4
3542	4
3545	4
3547	4
3568	4
3578	4
3579	4
3580	4
3581	4
3582	4
3575	4
3576	4
1847	4
1851	4
1853	4
3597	4
3598	4
3660	4
3718	4
3720	4
3721	4
3750	4
3779	4
3765	4
3766	4
3828	4
3830	4
3831	4
3832	4
3833	4
3851	4
3852	4
3853	4
3847	4
3848	4
3925	4
6001	4
3934	4
3935	4
3936	4
3943	4
3944	4
3962	4
3977	4
4001	4
4035	4
4037	4
4053	4
4054	4
4055	4
4057	4
4060	4
4081	4
4087	4
4096	4
5304	4
4129	4
5159	4
4167	4
4182	4
4183	4
4184	4
4177	4
4246	4
4271	4
4289	4
4311	4
4320	4
4321	4
4323	4
4326	4
4327	4
4329	4
4331	4
4360	4
4363	4
4375	4
4417	4
4421	4
4436	4
4458	4
4510	4
4548	4
4556	4
4558	4
4559	4
4560	4
4561	4
4562	4
4586	4
4594	4
4595	4
4600	4
4609	4
4610	4
4615	4
4616	4
4629	4
4630	4
4632	4
4638	4
4644	4
4657	4
4671	4
4672	4
4679	4
4690	4
4691	4
4702	4
4759	4
4761	4
4772	4
4788	4
4789	4
4791	4
4794	4
4795	4
4796	4
4802	4
4811	4
4814	4
4836	4
4837	4
4833	4
5688	4
4918	4
4919	4
4946	4
4947	4
4948	4
4950	4
4952	4
5088	4
5889	4
5010	4
5011	4
5018	4
5034	4
5066	4
5068	4
5058	4
5076	4
5109	4
5111	4
5112	4
5183	4
5206	4
5232	4
5233	4
5234	4
5266	4
5270	4
5272	4
5292	4
5298	4
5299	4
5328	4
5329	4
5330	4
5884	4
5372	4
5391	4
5399	4
5400	4
5401	4
5402	4
5486	4
5480	4
5481	4
5482	4
5493	4
5505	4
5521	4
5522	4
5525	4
5536	4
5577	4
5583	4
5618	4
5620	4
5626	4
5736	4
5737	4
5766	4
5793	4
5820	4
5836	4
5837	4
5838	4
5904	4
5910	4
5944	4
5983	4
5984	4
5985	4
6002	4
6003	4
6004	4
6005	4
6040	4
6076	4
6081	4
6112	4
6113	4
6115	4
6116	4
6169	4
6234	4
6235	4
6296	4
6297	4
6298	4
6299	4
258	5
1900	5
3169	5
4953	5
92	5
1711	5
1917	5
1913	5
2524	5
3637	5
1923	5
1928	5
64	5
907	5
1198	5
1961	5
102	5
106	5
1946	5
1949	5
1952	5
3052	5
1956	5
1957	5
262	5
77	5
1986	5
2015	5
2016	5
98	5
99	5
103	5
104	5
105	5
107	5
2028	5
2025	5
363	5
2019	5
2021	5
2023	5
2024	5
1332	5
2069	5
2076	5
2081	5
2082	5
1466	5
2092	5
253	5
4944	5
842	5
1598	5
3337	5
156	5
2115	5
162	5
163	5
166	5
872	5
5325	5
554	5
1490	5
1524	5
187	5
2149	5
2150	5
2151	5
214	5
218	5
220	5
221	5
223	5
224	5
225	5
227	5
2177	5
2180	5
2181	5
776	5
1349	5
254	5
257	5
259	5
261	5
1233	5
1301	5
1302	5
1304	5
1305	5
1306	5
281	5
288	5
318	5
2245	5
2246	5
289	5
290	5
291	5
302	5
2519	5
1061	5
2259	5
2271	5
2275	5
2299	5
2330	5
2326	5
2334	5
380	5
1230	5
1231	5
1232	5
1236	5
381	5
382	5
383	5
384	5
387	5
388	5
996	5
2345	5
2346	5
2347	5
2348	5
2349	5
2352	5
1741	5
825	5
2353	5
2355	5
393	5
2376	5
835	5
3485	5
799	5
763	5
2400	5
2412	5
2423	5
2428	5
451	5
460	5
464	5
474	5
2456	5
2461	5
2493	5
509	5
828	5
2488	5
522	5
2499	5
540	5
2507	5
1547	5
3141	5
3283	5
4515	5
756	5
759	5
821	5
570	5
2892	5
4319	5
1730	5
626	5
1426	5
1365	5
664	5
2577	5
1350	5
677	5
685	5
2588	5
2589	5
1441	5
2613	5
2615	5
2619	5
3501	5
1107	5
942	5
2654	5
731	5
2656	5
2658	5
742	5
2660	5
2663	5
1557	5
2719	5
2723	5
2680	5
2682	5
757	5
761	5
2707	5
2709	5
2710	5
2711	5
766	5
2697	5
2704	5
2705	5
775	5
781	5
789	5
797	5
802	5
806	5
2732	5
4695	5
5628	5
1224	5
1873	5
2734	5
2735	5
827	5
829	5
831	5
832	5
833	5
836	5
837	5
839	5
841	5
844	5
1707	5
866	5
1351	5
2763	5
2765	5
1738	5
1367	5
2762	5
885	5
2772	5
2773	5
2777	5
908	5
2805	5
2806	5
2808	5
2787	5
956	5
2842	5
2836	5
2844	5
2871	5
2862	5
2884	5
997	5
998	5
2902	5
1735	5
2898	5
2899	5
1005	5
1440	5
2909	5
2910	5
2911	5
2926	5
2939	5
2948	5
1033	5
1034	5
1035	5
1036	5
1037	5
1038	5
1039	5
1651	5
2955	5
2956	5
2957	5
1063	5
2987	5
2988	5
2990	5
2992	5
2994	5
2995	5
1078	5
1720	5
1087	5
1103	5
1122	5
1141	5
3004	5
3016	5
3010	5
3023	5
1158	5
3034	5
3039	5
3055	5
3056	5
1172	5
1174	5
1175	5
1177	5
1178	5
1179	5
3053	5
1184	5
3060	5
3061	5
3064	5
3067	5
3070	5
1724	5
3081	5
5192	5
3087	5
4540	5
3090	5
3091	5
3092	5
3093	5
3094	5
3121	5
5199	5
3135	5
1346	5
1348	5
3150	5
3151	5
3152	5
1534	5
3163	5
3162	5
3170	5
3174	5
3175	5
3204	5
3196	5
3187	5
3188	5
3189	5
1359	5
3206	5
3207	5
3208	5
1362	5
1363	5
1368	5
3209	5
3218	5
3225	5
5788	5
3227	5
1396	5
1398	5
1399	5
1401	5
3242	5
3243	5
3244	5
3275	5
1421	5
1425	5
4635	5
4970	5
1438	5
3291	5
3292	5
3293	5
3294	5
1718	5
3302	5
3303	5
3298	5
3299	5
3300	5
3313	5
3314	5
1495	5
1496	5
1822	5
4359	5
4891	5
5414	5
6061	5
6062	5
1544	5
3339	5
3340	5
1552	5
3342	5
3343	5
1558	5
1560	5
1572	5
3357	5
3358	5
3359	5
1584	5
3365	5
1599	5
1637	5
3387	5
3388	5
3394	5
3399	5
3400	5
3401	5
3406	5
1659	5
1675	5
3419	5
3420	5
3423	5
3424	5
3425	5
3426	5
3427	5
3431	5
3432	5
3433	5
3434	5
3435	5
3436	5
3437	5
3438	5
1695	5
3451	5
3463	5
3481	5
3482	5
3483	5
1710	5
1714	5
1715	5
1719	5
3487	5
3489	5
3490	5
1736	5
1737	5
3498	5
1743	5
3500	5
3502	5
1751	5
3509	5
3513	5
3681	5
3539	5
3543	5
3560	5
3562	5
1834	5
1835	5
1838	5
1840	5
3595	5
3600	5
3676	5
3632	5
1889	5
3636	5
3638	5
3658	5
3683	5
3703	5
3725	5
3743	5
3748	5
5541	5
3778	5
3767	5
3776	5
3797	5
3794	5
3795	5
3813	5
3989	5
3990	5
3866	5
3855	5
3857	5
3858	5
3863	5
3887	5
3908	5
3906	5
4092	5
4067	5
3958	5
3959	5
3961	5
3974	5
3991	5
3992	5
3994	5
5163	5
4021	5
4024	5
4130	5
4028	5
4042	5
4044	5
4034	5
4039	5
4040	5
4065	5
4066	5
4068	5
4078	5
4094	5
4095	5
4116	5
4143	5
4146	5
4134	5
5840	5
4173	5
4178	5
4185	5
4189	5
4219	5
4221	5
4230	5
4237	5
4243	5
4244	5
4256	5
4266	5
4272	5
4277	5
4278	5
4280	5
4284	5
4285	5
4286	5
4294	5
4295	5
4292	5
4302	5
4305	5
6039	5
4316	5
4333	5
4342	5
4395	5
4372	5
4374	5
4376	5
4381	5
4383	5
4418	5
4420	5
4425	5
4439	5
4440	5
4441	5
4442	5
4584	5
4449	5
4450	5
4451	5
4452	5
5179	5
5324	5
5326	5
4461	5
4466	5
4467	5
4599	5
4481	5
4483	5
4486	5
4487	5
4488	5
5404	5
4489	5
4503	5
4504	5
4511	5
4512	5
4513	5
4514	5
4552	5
6071	5
4554	5
4555	5
4566	5
4571	5
4577	5
4578	5
4587	5
4588	5
4591	5
4592	5
4593	5
4607	5
4611	5
4612	5
4613	5
4626	5
4627	5
4628	5
4645	5
6036	5
4662	5
4664	5
4669	5
4677	5
4681	5
4697	5
4698	5
4699	5
4726	5
4727	5
4729	5
4730	5
4740	5
4824	5
4760	5
4767	5
4768	5
4782	5
4785	5
4786	5
4787	5
4808	5
4809	5
4813	5
4848	5
4852	5
4879	5
4880	5
4890	5
4893	5
4902	5
4920	5
4922	5
5891	5
5892	5
5894	5
4935	5
5337	5
4966	5
4968	5
4969	5
4984	5
4985	5
4986	5
4987	5
5000	5
5004	5
5028	5
5036	5
5037	5
5067	5
5060	5
5061	5
5062	5
5070	5
5071	5
5077	5
5082	5
5103	5
5104	5
5119	5
5120	5
5149	5
5152	5
5153	5
5180	5
5181	5
5184	5
5187	5
5188	5
5189	5
5191	5
5210	5
5212	5
5213	5
5230	5
5259	5
5246	5
5261	5
5271	5
5287	5
5293	5
5295	5
5296	5
5297	5
5392	5
5336	5
5868	5
5353	5
5365	5
5367	5
5380	5
5388	5
5384	5
5398	5
5396	5
5411	5
5434	5
5435	5
5436	5
5415	5
5416	5
5429	5
5453	5
5448	5
5457	5
5458	5
5477	5
5479	5
5488	5
5489	5
5504	5
5508	5
5527	5
5528	5
5546	5
5547	5
5549	5
5553	5
5550	5
5551	5
5554	5
5556	5
5558	5
5585	5
5586	5
5581	5
5582	5
5588	5
5601	5
5603	5
5605	5
5608	5
5611	5
5619	5
5631	5
5632	5
5630	5
5656	5
5670	5
5671	5
5689	5
5690	5
5691	5
5692	5
5693	5
5694	5
5701	5
5703	5
5705	5
5706	5
5707	5
5719	5
5755	5
5759	5
5763	5
5764	5
5765	5
5781	5
5794	5
5805	5
5821	5
5829	5
5882	5
5844	5
5854	5
5856	5
5857	5
5863	5
5864	5
5865	5
5866	5
5537	5
5538	5
5539	5
5540	5
5869	5
5870	5
5888	5
5898	5
5899	5
5901	5
5914	5
5930	5
5968	5
5969	5
5972	5
5980	5
5982	5
5986	5
5990	5
5991	5
6013	5
6022	5
6027	5
6031	5
6032	5
6049	5
6056	5
6057	5
6058	5
6054	5
6055	5
6088	5
6096	5
6097	5
6098	5
6099	5
6102	5
6109	5
6111	5
6105	5
6123	5
6137	5
6157	5
6158	5
6160	5
6161	5
6162	5
6164	5
6140	5
6142	5
6150	5
6151	5
6153	5
6249	5
6250	5
6251	5
6252	5
6179	5
6180	5
6280	5
6281	5
6243	5
6245	5
6255	5
6268	5
6270	5
6263	5
6265	5
6267	5
6282	5
6291	5
1021	6
13	6
2074	6
1050	6
975	6
32	6
1912	6
957	6
1699	6
1701	6
44	6
46	6
48	6
51	6
52	6
54	6
338	6
3065	6
60	6
62	6
1937	6
1938	6
1939	6
1940	6
1941	6
1943	6
1064	6
1196	6
1959	6
1960	6
1962	6
1963	6
1980	6
1951	6
2005	6
69	6
472	6
1157	6
2204	6
2010	6
2027	6
109	6
110	6
114	6
118	6
119	6
1361	6
2029	6
2030	6
2031	6
2036	6
1535	6
2075	6
2083	6
2097	6
1531	6
2103	6
171	6
1165	6
1539	6
3344	6
2147	6
209	6
976	6
2429	6
2431	6
2432	6
2173	6
230	6
840	6
241	6
2186	6
2187	6
2188	6
2195	6
612	6
2207	6
2209	6
1303	6
2229	6
284	6
632	6
1321	6
1789	6
2239	6
2240	6
2241	6
2242	6
297	6
2253	6
1498	6
315	6
4154	6
2329	6
968	6
980	6
633	6
2337	6
2318	6
2343	6
399	6
402	6
403	6
404	6
405	6
408	6
2396	6
940	6
2413	6
2418	6
456	6
450	6
452	6
453	6
454	6
455	6
457	6
2441	6
2442	6
466	6
2447	6
2450	6
1488	6
1491	6
1492	6
486	6
2452	6
499	6
501	6
506	6
547	6
824	6
1790	6
2514	6
979	6
2556	6
2558	6
1500	6
2545	6
1631	6
2552	6
631	6
635	6
668	6
746	6
749	6
661	6
2578	6
2581	6
670	6
672	6
673	6
674	6
675	6
1162	6
2591	6
2593	6
2596	6
1589	6
1653	6
701	6
702	6
704	6
707	6
708	6
2623	6
2624	6
1503	6
1803	6
2641	6
2643	6
2645	6
1886	6
1887	6
1689	6
801	6
2724	6
2725	6
2726	6
2727	6
2737	6
853	6
938	6
2769	6
2753	6
904	6
2781	6
2793	6
2795	6
939	6
941	6
943	6
945	6
6087	6
4409	6
4410	6
4411	6
2826	6
952	6
954	6
959	6
1780	6
1124	6
2876	6
2857	6
970	6
971	6
972	6
973	6
974	6
2863	6
2864	6
978	6
2877	6
2878	6
2882	6
1320	6
2894	6
1536	6
1015	6
2923	6
2916	6
2917	6
2918	6
2919	6
1025	6
5106	6
5107	6
5108	6
2938	6
1044	6
4264	6
2981	6
1088	6
1105	6
1645	6
3020	6
1125	6
1128	6
1130	6
1131	6
1133	6
3158	6
3003	6
3025	6
1163	6
1164	6
1166	6
1882	6
4494	6
4495	6
4496	6
4497	6
4498	6
4499	6
3057	6
3865	6
3063	6
1205	6
3068	6
3069	6
3074	6
3086	6
1237	6
1238	6
1239	6
1241	6
1242	6
1244	6
3113	6
1253	6
3119	6
3125	6
1530	6
3197	6
1356	6
1357	6
1360	6
3237	6
3238	6
3239	6
3240	6
3241	6
1375	6
3335	6
5487	6
3245	6
3256	6
3271	6
3284	6
3296	6
1447	6
1497	6
1499	6
1502	6
1505	6
3326	6
3328	6
1527	6
1532	6
3334	6
3341	6
3376	6
1562	6
1563	6
1566	6
1567	6
3352	6
3353	6
3354	6
3408	6
1590	6
3364	6
3366	6
3367	6
3368	6
3370	6
3390	6
1648	6
1649	6
3396	6
3397	6
1654	6
3404	6
3405	6
3407	6
1666	6
3421	6
3429	6
3464	6
3466	6
3460	6
3461	6
3478	6
3496	6
3566	6
1740	6
3528	6
3499	6
3523	6
3533	6
3534	6
3535	6
3536	6
1799	6
1802	6
1804	6
1819	6
3565	6
3567	6
3570	6
3599	6
3624	6
3628	6
3682	6
3708	6
3710	6
3711	6
3712	6
3719	6
3716	6
3727	6
3728	6
3742	6
3808	6
3988	6
3894	6
3917	6
3918	6
3931	6
3947	6
3949	6
3950	6
4738	6
3952	6
3986	6
4004	6
4009	6
4010	6
4011	6
4013	6
4020	6
4027	6
4029	6
4062	6
4070	6
4082	6
4083	6
4084	6
4106	6
4108	6
4125	6
4149	6
4133	6
5653	6
4223	6
4224	6
4201	6
4202	6
4204	6
4188	6
4190	6
4191	6
4192	6
4194	6
4195	6
4215	6
4236	6
4426	6
4247	6
4269	6
4288	6
4274	6
4293	6
4304	6
6279	6
4317	6
4324	6
5516	6
5517	6
4424	6
4473	6
4474	6
4492	6
4493	6
4500	6
4506	6
4507	6
4509	6
4519	6
4582	6
4583	6
4589	6
4596	6
4617	6
4620	6
4637	6
4655	6
4656	6
4659	6
4660	6
4661	6
4673	6
4674	6
4685	6
4686	6
4687	6
4688	6
4689	6
4706	6
4721	6
4734	6
4736	6
4737	6
4742	6
4753	6
4783	6
4797	6
4801	6
4807	6
4826	6
4853	6
4884	6
4959	6
4901	6
4904	6
4905	6
4909	6
4929	6
5850	6
4934	6
4963	6
4964	6
4965	6
4967	6
4998	6
5003	6
5007	6
5051	6
5026	6
5027	6
5024	6
5025	6
5030	6
5031	6
5032	6
5033	6
5035	6
5049	6
5046	6
5047	6
5059	6
5064	6
5065	6
5081	6
5105	6
5093	6
5094	6
5095	6
5121	6
5132	6
5147	6
5156	6
5157	6
5167	6
5178	6
5193	6
5194	6
5196	6
5197	6
5198	6
5215	6
5216	6
5244	6
5254	6
5282	6
5280	6
5283	6
5288	6
5300	6
5301	6
5306	6
5316	6
5322	6
5382	6
5383	6
5370	6
5371	6
5373	6
5374	6
5375	6
5387	6
5389	6
5390	6
5422	6
5424	6
5439	6
5440	6
5441	6
5507	6
5523	6
5524	6
5529	6
5587	6
5591	6
5592	6
5594	6
5595	6
5596	6
5598	6
5606	6
5607	6
5609	6
5610	6
5615	6
5621	6
5622	6
5639	6
5640	6
5650	6
5651	6
5657	6
5673	6
5674	6
5696	6
5697	6
5698	6
5699	6
5727	6
5732	6
5735	6
5747	6
5767	6
5768	6
5775	6
5799	6
5818	6
5858	6
5855	6
5867	6
5879	6
5900	6
5921	6
5919	6
5920	6
5927	6
5929	6
5922	6
5947	6
5948	6
5949	6
6008	6
6009	6
6010	6
6011	6
5994	6
6033	6
6034	6
6035	6
6063	6
6068	6
6106	6
6107	6
6194	6
6244	6
6289	6
6258	6
6271	6
6272	6
6284	6
6285	6
6286	6
6287	6
6288	6
3147	7
24	7
236	7
237	7
239	7
240	7
242	7
245	7
2489	7
1309	7
2661	7
1307	7
1308	7
1312	7
1314	7
1315	7
3181	7
3182	7
3183	7
1633	7
1634	7
1635	7
1638	7
1639	7
1640	7
4255	7
4270	7
4653	7
4725	7
5166	7
5456	7
1910	8
901	8
39	8
42	8
614	8
1922	8
1924	8
1925	8
1927	8
3998	8
61	8
1995	8
1997	8
1998	8
1983	8
2026	8
2040	8
1419	8
1787	8
2054	8
3219	8
5171	8
2117	8
2120	8
3715	8
2125	8
2129	8
196	8
2142	8
2144	8
2145	8
202	8
1343	8
900	8
1644	8
2235	8
322	8
2268	8
2287	8
2288	8
2302	8
2399	8
2444	8
1267	8
524	8
549	8
1827	8
1275	8
2539	8
2557	8
607	8
608	8
615	8
616	8
649	8
683	8
2585	8
705	8
1641	8
2626	8
1424	8
728	8
729	8
730	8
733	8
735	8
2716	8
795	8
863	8
1481	8
1775	8
2741	8
2742	8
2757	8
896	8
897	8
899	8
903	8
905	8
2791	8
2799	8
953	8
2880	8
2887	8
1829	8
2908	8
1031	8
1798	8
1060	8
1126	8
3148	8
1168	8
3045	8
3047	8
3049	8
1180	8
3050	8
3051	8
1204	8
3099	8
3101	8
3102	8
3103	8
3104	8
3905	8
1268	8
1270	8
1271	8
1276	8
1277	8
1279	8
1280	8
1282	8
1283	8
1285	8
3128	8
3154	8
3155	8
3157	8
3130	8
3131	8
1765	8
3193	8
3195	8
3198	8
1354	8
1642	8
3203	8
3252	8
1420	8
1422	8
3282	8
3285	8
3286	8
3287	8
3301	8
3333	8
1545	8
1837	8
3363	8
3355	8
1574	8
1582	8
1791	8
3371	8
3372	8
1632	8
1643	8
1646	8
3418	8
3453	8
3527	8
1768	8
1785	8
1788	8
3700	8
3701	8
1828	8
1830	8
3612	8
3625	8
3688	8
3689	8
3691	8
3692	8
3694	8
3780	8
3770	8
3818	8
3838	8
3882	8
3901	8
3902	8
3916	8
3921	8
3964	8
3971	8
3972	8
3973	8
3978	8
4017	8
4085	8
4086	8
4102	8
4104	8
4144	8
5600	8
4214	8
4249	8
4406	8
4355	8
4356	8
4337	8
4364	8
4369	8
4370	8
4468	8
4478	8
4475	8
4476	8
4535	8
4567	8
4568	8
4570	8
4614	8
6037	8
4676	8
4693	8
4696	8
4700	8
4701	8
4703	8
4704	8
4707	8
4708	8
4838	8
4804	8
4855	8
4889	8
4899	8
4895	8
4896	8
4897	8
4898	8
4908	8
4921	8
4936	8
4937	8
4938	8
4943	8
4954	8
4955	8
4956	8
5039	8
5041	8
5043	8
5097	8
5098	8
5110	8
5131	8
5185	8
5186	8
5222	8
5240	8
5323	8
5252	8
5256	8
5258	8
5273	8
5313	8
5314	8
5318	8
5349	8
5350	8
5351	8
5354	8
5355	8
5357	8
5358	8
5426	8
5427	8
5474	8
5568	8
5569	8
5557	8
5563	8
5564	8
5565	8
5642	8
5643	8
5646	8
5675	8
5676	8
5757	8
5773	8
5774	8
5816	8
5827	8
5874	8
5875	8
5876	8
5877	8
5878	8
5918	8
5933	8
5934	8
6059	8
6110	8
6195	8
6196	8
6247	8
6248	8
1921	9
1193	9
5209	9
659	9
326	9
922	9
293	9
321	9
323	9
328	9
329	9
2277	9
2280	9
2282	9
2283	9
2284	9
502	9
4979	9
550	9
656	9
657	9
660	9
662	9
663	9
2576	9
2599	9
1434	9
1435	9
737	9
2662	9
886	9
887	9
888	9
890	9
891	9
2775	9
2778	9
2809	9
2810	9
2811	9
2812	9
2813	9
2814	9
2815	9
2816	9
2817	9
3462	9
4711	9
5518	9
5519	9
5520	9
1400	9
3263	9
3264	9
3265	9
3267	9
3268	9
1436	9
1445	9
1446	9
1448	9
1449	9
1450	9
1452	9
3373	9
1577	9
1578	9
3571	9
3497	9
3616	9
3737	9
4105	9
3980	9
5056	9
4058	9
4097	9
4175	9
4199	9
4217	9
4250	9
4344	9
4400	9
4485	9
4710	9
4712	9
4713	9
4762	9
4763	9
4765	9
4766	9
4792	9
4831	9
4832	9
4858	9
4859	9
4860	9
4861	9
4862	9
4863	9
5057	9
5143	9
5144	9
5145	9
5226	9
5227	9
5260	9
5262	9
5327	9
5469	9
5470	9
5721	9
5722	9
5723	9
5905	9
5971	9
6012	9
6091	9
6125	9
6126	9
6184	9
6185	9
6186	9
6188	9
22	10
25	10
26	10
27	10
29	10
1624	10
1836	10
1911	10
1914	10
962	10
1656	10
346	10
1894	10
2013	10
112	10
116	10
2045	10
2048	10
2049	10
510	10
2059	10
2095	10
411	10
2116	10
2130	10
2175	10
2213	10
967	10
2238	10
307	10
1018	10
2263	10
2266	10
2281	10
340	10
344	10
347	10
2301	10
2303	10
2305	10
2306	10
2307	10
2327	10
1733	10
410	10
413	10
416	10
417	10
419	10
420	10
1256	10
5013	10
5015	10
2393	10
640	10
2434	10
2435	10
2436	10
2437	10
2438	10
487	10
492	10
508	10
511	10
512	10
515	10
537	10
539	10
542	10
543	10
544	10
545	10
546	10
2508	10
2509	10
2510	10
2512	10
2513	10
642	10
1629	10
910	10
2551	10
636	10
638	10
639	10
641	10
643	10
1870	10
1628	10
2638	10
2653	10
773	10
2907	10
811	10
1151	10
2729	10
2730	10
2731	10
858	10
1705	10
1708	10
2764	10
2785	10
2800	10
2801	10
2803	10
2846	10
3491	10
961	10
963	10
964	10
966	10
1778	10
1781	10
1783	10
2851	10
2845	10
2848	10
2849	10
2850	10
2855	10
2856	10
1191	10
2927	10
2973	10
1075	10
1076	10
1079	10
1080	10
1081	10
1083	10
2978	10
2979	10
2980	10
2983	10
1138	10
3015	10
1181	10
1182	10
1183	10
1185	10
1186	10
1187	10
1188	10
1189	10
1190	10
3054	10
1339	10
3114	10
3229	10
1616	10
1617	10
1619	10
1621	10
1622	10
1623	10
1625	10
1626	10
1630	10
3379	10
3380	10
3381	10
5140	10
1692	10
1693	10
1694	10
1696	10
1697	10
1698	10
3443	10
3444	10
3445	10
3446	10
3447	10
3450	10
3454	10
3480	10
3492	10
3493	10
3494	10
1757	10
1801	10
3569	10
3594	10
3613	10
3805	10
1871	10
1874	10
1875	10
3661	10
3717	10
3724	10
3821	10
3812	10
3814	10
3816	10
3862	10
3875	10
3876	10
3878	10
3904	10
4091	10
4138	10
4139	10
4228	10
4232	10
4233	10
5417	10
4287	10
4310	10
4312	10
5277	10
4328	10
4389	10
4390	10
4391	10
4392	10
5777	10
5778	10
5780	10
5001	10
4574	10
4716	10
4717	10
4718	10
4779	10
4849	10
4850	10
4851	10
4856	10
5848	10
5849	10
5851	10
5853	10
4993	10
5150	10
5207	10
5208	10
5248	10
5249	10
5250	10
5285	10
5362	10
5363	10
5364	10
5393	10
5500	10
5597	10
5708	10
5709	10
5733	10
5748	10
5758	10
5750	10
5751	10
5752	10
5756	10
5812	10
5813	10
5943	10
5963	10
6114	10
6189	10
6190	10
6191	10
6192	10
960	11
1974	11
1987	11
1041	11
5584	11
181	11
185	11
186	11
188	11
189	11
191	11
2190	11
2365	11
2367	11
2368	11
2369	11
2371	11
2372	11
621	11
893	11
627	11
337	11
2321	11
1030	11
479	11
2454	11
2455	11
2457	11
2458	11
2459	11
2582	11
617	11
618	11
622	11
623	11
624	11
625	11
875	11
678	11
2631	11
734	11
2655	11
2651	11
2685	11
2686	11
744	11
791	11
2852	11
2875	11
981	11
2883	11
1013	11
2912	11
2913	11
2914	11
2915	11
2945	11
2946	11
2947	11
2949	11
1042	11
1045	11
5312	11
3709	11
3165	11
1403	11
1405	11
1406	11
1407	11
1410	11
3270	11
4818	11
1612	11
3377	11
3378	11
3555	11
3745	11
3746	11
3747	11
5795	11
5797	11
3895	11
3993	11
4007	11
4043	11
4121	11
4148	11
4150	11
4203	11
4346	11
4347	11
4348	11
4349	11
4350	11
4351	11
4354	11
4357	11
4365	11
4366	11
4367	11
4402	11
4429	11
4430	11
4432	11
4642	11
4769	11
4819	11
4820	11
4877	11
4917	11
5054	11
5055	11
5084	11
5085	11
5113	11
5130	11
5158	11
5345	11
5278	11
5291	11
5471	11
5509	11
5641	11
5660	11
5661	11
5662	11
5663	11
5664	11
5665	11
5666	11
5667	11
5668	11
5669	11
5859	11
5860	11
5861	11
5862	11
5987	11
6100	11
6101	11
6103	11
6104	11
1981	12
1096	12
4180	12
2230	12
300	12
301	12
303	12
304	12
306	12
309	12
1093	12
1095	12
2255	12
2559	12
2587	12
2673	12
784	12
1272	12
906	12
911	12
912	12
913	12
1009	12
1011	12
1012	12
1014	12
1016	12
1017	12
3044	12
1091	12
1092	12
3100	12
3122	12
3123	12
3281	12
1546	12
1549	12
1551	12
1554	12
1555	12
3412	12
3722	12
3758	12
3759	12
3760	12
3761	12
3762	12
3763	12
3775	12
4171	12
4544	12
4648	12
4649	12
4651	12
4652	12
4747	12
4748	12
4749	12
5126	12
5127	12
5128	12
5465	12
5466	12
5497	12
5845	12
5846	12
6139	12
6197	12
6198	12
6199	12
6200	12
6201	12
6202	12
6203	12
6204	12
6205	12
6206	12
6207	12
6208	12
6209	12
6210	12
6211	12
6212	12
6213	12
6214	12
6215	12
6216	12
6217	12
6218	12
6219	12
6220	12
6221	12
6222	12
6223	12
6224	12
6225	12
6226	12
6227	12
6228	12
137	13
1728	13
871	13
1072	13
310	13
312	13
313	13
316	13
317	13
319	13
320	13
2267	13
1805	13
5237	13
2649	13
1323	13
1777	13
2854	13
2933	13
2971	13
1890	13
1262	13
1345	13
3199	13
3201	13
1460	13
1461	13
1529	13
3330	13
3331	13
3338	13
3477	13
1808	13
1807	13
1810	13
3626	13
3639	13
3640	13
3641	13
3642	13
3643	13
3644	13
3645	13
3646	13
3647	13
3648	13
3649	13
3650	13
3651	13
3652	13
3653	13
3655	13
3656	13
3657	13
3659	13
3662	13
3663	13
3664	13
3665	13
3666	13
3667	13
3668	13
3913	13
3930	13
4806	13
6121	13
6122	13
4412	13
4433	13
4682	13
4778	13
4881	13
5005	13
5006	13
6241	13
5251	13
5368	13
5451	13
5485	13
5672	13
5677	13
5738	13
5739	13
5740	13
5741	13
5742	13
5743	13
5744	13
5745	13
5746	13
5753	13
5935	13
5961	13
5966	13
5967	13
6006	13
6117	13
6118	13
6119	13
6120	13
6170	13
6238	13
6239	13
6240	13
6259	13
6260	13
6261	13
6256	13
6257	13
5941	14
160	14
2109	14
2110	14
2111	14
182	14
228	14
233	14
234	14
2225	14
350	14
2328	14
2331	14
355	14
2308	14
2310	14
516	14
517	14
518	14
519	14
523	14
525	14
573	14
2520	14
2600	14
1054	14
1760	14
3089	14
3126	14
3194	14
3382	14
1753	14
1756	14
1758	14
1759	14
1761	14
3520	14
3525	14
3601	14
3932	14
3960	14
5437	14
4719	14
4822	14
5511	14
5512	14
5617	14
5847	14
5886	14
6023	14
6026	14
6028	14
6029	14
6030	14
6041	14
6073	14
6074	14
6075	14
6134	14
6135	14
6136	14
6163	14
6233	14
2105	15
168	15
1865	15
2131	15
206	15
2161	15
226	15
1114	15
2171	15
513	15
294	15
443	15
2292	15
2403	15
439	15
440	15
441	15
444	15
445	15
447	15
1607	15
2492	15
3617	15
5476	15
459	15
467	15
533	15
1482	15
2498	15
2502	15
2504	15
819	15
1682	15
2676	15
1867	15
810	15
2794	15
1051	15
1098	15
1099	15
1101	15
1102	15
1104	15
1106	15
1108	15
1109	15
1110	15
1112	15
1116	15
1215	15
3079	15
3178	15
4132	15
5717	15
1444	15
1443	15
5490	15
5491	15
1478	15
1479	15
1480	15
1483	15
1484	15
3324	15
3325	15
3329	15
1608	15
3345	15
1674	15
1677	15
1678	15
1680	15
1681	15
3702	15
1864	15
1869	15
3615	15
3618	15
3867	15
3859	15
3907	15
3954	15
3984	15
4000	15
4145	15
4147	15
4135	15
4490	15
4572	15
4575	15
4576	15
4639	15
4864	15
4865	15
4939	15
4961	15
4962	15
4971	15
4972	15
5038	15
5151	15
5160	15
5220	15
5269	15
5320	15
5376	15
5406	15
5533	15
5534	15
5655	15
5658	15
5659	15
5715	15
5716	15
5718	15
5803	15
5804	15
5915	15
5945	15
5946	15
5957	15
5993	15
5995	15
5996	15
6018	15
6066	15
6084	15
6085	15
6086	15
6093	15
6166	15
6154	15
6156	15
6172	15
6173	15
2837	16
758	16
1857	16
3609	16
3610	16
3611	16
3614	16
4427	16
5352	16
5562	16
5897	16
6050	16
6051	16
6052	16
6053	16
6143	16
6144	16
6145	16
6146	16
6147	16
6148	16
6149	16
588	17
589	17
590	17
591	17
592	17
593	17
594	17
595	17
596	17
597	17
598	17
929	18
931	18
932	18
934	18
935	18
936	18
1462	19
1463	19
1464	19
1465	19
1467	19
1468	19
1469	19
1470	19
1472	19
1683	20
1684	20
5887	21
6042	21
6043	21
6044	21
6048	21
