75
205
185
52
169
479
168
36
175
75
330
194
55
222
588
292
194
214
190
588
178
267
276
41
276
276
339
604
345
199
276
255
326
634
634
55
120
634
165
20
634
634
27
188
338
474
338
92
338
221
588
265
642
338
229
587
140
120
587
587
2
638
5
587
506
562
87
179
347
87
58
564
618
87
58
51
403
432
420
128
450
41
74
99
403
403
432
97
157
97
160
35
495
583
275
35
85
218
584
523
54
352
54
259
514
208
434
584
61
429
281
429
640
254
620
499
59
632
609
254
360
586
173
545
216
228
251
232
247
629
642
155
481
606
263
642
284
249
602
642
85
36
252
440
232
330
252
612
173
613
136
563
645
636
636
636
133
167
563
636
512
636
264
270
348
255
304
214
264
264
243
614
357
514
23
384
52
364
650
572
242
456
171
99
526
456
37
4
237
37
394
32
343
119
343
566
380
649
83
69
524
24
433
649
578
83
584
83
167
378
472
555
384
207
472
10
472
488
558
459
436
558
28
576
529
257
146
558
371
626
369
438
616
616
22
456
279
279
139
279
214
484
339
574
279
279
104
61
291
488
631
95
399
228
228
574
508
618
227
314
536
268
160
189
479
209
157
280
492
601
355
355
161
511
304
489
260
511
511
455
389
455
185
13
394
176
455
290
435
274
308
128
128
326
128
5
90
198
182
128
416
77
362
209
52
416
52
602
413
383
328
95
328
417
185
184
310
184
292
129
129
72
297
139
193
437
105
334
72
425
42
271
428
271
296
117
428
356
492
258
179
65
322
179
309
179
347
113
307
297
93
541
540
379
70
632
76
163
541
402
313
103
103
54
427
124
216
540
379
238
36
540
296
507
507
507
568
36
296
98
642
370
28
120
370
302
334
337
42
502
73
485
493
492
265
580
108
73
73
311
545
311
546
630
311
311
567
332
216
185
35
35
71
295
135
211
35
35
293
589
381
228
454
139
318
454
292
106
270
313
609
192
596
335
352
478
270
81
10
124
82
1
271
478
124
1
602
1
236
61
649
343
393
649
544
26
148
649
359
234
321
359
134
359
256
182
564
241
18
432
284
126
432
551
28
388
28
56
639
195
463
122
463
639
337
111
638
412
463
335
76
58
392
314
117
410
293
459
335
564
399
434
564
410
156
38
564
463
80
212
21
21
320
80
255
21
101
438
611
101
402
62
491
4
628
101
140
69
329
106
288
242
121
456
179
329
494
538
379
538
567
460
538
538
538
538
538
630
136
555
27
233
433
494
49
433
27
580
599
498
542
542
80
153
80
80
566
492
610
80
143
405
528
592
242
156
319
206
173
154
225
395
437
120
53
350
247
416
446
446
446
446
446
446
446
446
446
446
446
570
42
42
645
570
582
582
570
578
578
303
215
354
218
34
303
578
578
349
427
422
332
486
415
189
415
415
230
87
424
90
424
466
466
466
40
282
388
45
388
181
388
181
480
181
617
617
224
76
547
588
385
516
76
76
221
378
119
610
610
25
198
119
610
610
373
539
539
605
534
560
486
33
129
403
615
379
163
534
486
63
397
511
33
411
63
402
166
411
430
94
12
97
159
502
114
106
61
431
278
262
206
609
547
434
94
480
572
430
325
24
460
595
12
595
24
388
265
466
404
3
352
245
62
3
524
355
567
3
231
157
144
231
220
209
416
570
478
346
478
368
293
519
34
1
478
1
587
174
327
339
104
516
61
586
251
323
287
264
263
256
415
99
99
293
0
100
38
97
572
0
181
148
245
110
572
392
546
56
552
262
56
554
50
583
271
56
393
131
579
414
542
131
131
570
542
131
405
321
35
321
476
114
186
359
552
329
640
552
354
380
552
340
552
449
647
464
127
552
448
498
75
360
603
158
498
31
31
31
493
31
31
248
31
357
5
47
147
535
455
233
626
147
602
296
147
99
645
372
108
11
71
94
69
645
363
297
485
297
297
158
413
33
259
574
301
491
646
342
33
308
81
408
425
473
602
45
557
181
549
549
433
433
290
168
627
589
425
425
193
368
425
481
610
257
193
564
351
309
476
392
309
604
613
351
392
392
209
409
548
432
209
30
207
347
503
539
453
291
383
650
231
177
423
397
397
26
113
26
38
268
562
268
223
268
200
200
294
551
521
79
521
565
214
80
259
79
122
205
250
250
491
250
196
196
389
554
389
389
389
90
195
542
273
238
531
590
542
227
368
544
374
626
432
368
626
286
520
141
305
536
286
14
233
152
158
33
598
14
270
59
488
68
205
205
608
37
317
143
46
39
39
401
35
148
159
44
71
39
39
271
519
403
403
478
271
517
309
271
409
211
343
123
424
508
602
523
242
262
233
404
581
602
602
25
234
608
236
142
515
353
25
106
611
87
115
106
106
554
44
555
361
44
117
44
238
40
474
227
155
190
227
376
227
18
17
293
293
117
43
61
351
220
61
242
559
320
320
447
89
224
89
521
7
224
526
526
77
526
311
235
526
383
156
375
574
375
404
175
630
10
230
630
338
10
10
630
10
430
241
474
359
241
359
241
146
150
241
251
383
251
593
251
189
296
29
111
29
387
494
36
111
494
494
111
293
231
485
412
402
99
305
214
407
506
531
490
640
490
490
490
267
558
52
323
408
498
22
408
630
137
408
173
393
466
372
334
393
178
178
135
135
135
201
569
567
201
513
13
504
567
639
224
471
471
381
471
471
471
471
471
471
224
5
607
614
5
5
270
492
652
542
500
542
513
500
151
542
91
590
302
462
331
626
55
302
561
469
302
255
180
377
255
70
623
360
526
347
473
215
149
247
258
131
618
537
115
382
487
102
358
557
102
102
270
102
133
111
563
553
357
119
227
48
104
40
236
483
606
578
244
77
621
638
77
77
243
209
50
114
123
50
565
19
487
457
225
604
604
162
653
512
70
392
604
482
604
489
489
100
498
278
401
489
230
463
140
578
274
578
154
393
12
618
179
618
169
380
235
179
299
247
311
299
235
235
371
262
38
19
208
536
543
323
580
158
231
76
445
559
544
312
136
281
71
126
173
224
165
397
373
336
650
637
601
458
310
229
12
625
85
282
525
19
140
280
127
398
511
398
349
398
595
476
625
222
334
476
625
625
8
335
13
582
151
18
600
413
13
20
631
91
426
469
334
334
161
426
631
133
196
417
196
24
99
629
196
504
603
424
21
491
421
484
282
70
653
615
237
282
539
237
378
648
425
210
317
378
378
406
218
494
215
336
218
260
441
454
60
205
640
82
485
373
605
481
41
481
361
215
570
345
337
156
200
484
564
440
37
440
440
440
630
440
140
140
140
549
227
454
484
527
527
461
461
461
461
461
461
461
461
461
293
461
586
563
399
528
306
561
561
47
501
288
561
29
336
61
67
178
178
44
567
102
395
349
644
360
599
2
437
354
583
437
304
360
241
548
437
548
152
548
510
548
548
548
270
331
306
287
287
168
303
401
484
49
303
130
374
149
64
374
166
166
455
38
114
46
419
93
416
253
119
175
163
319
145
560
387
560
612
597
560
439
204
290
469
59
643
643
513
643
540
557
111
574
557
376
630
526
321
442
581
387
288
400
605
321
410
410
557
161
321
524
161
60
151
23
296
85
474
60
563
198
225
247
512
182
386
166
182
139
182
566
185
182
54
378
269
562
154
245
543
245
418
553
494
512
430
67
597
172
435
2
435
510
81
534
81
226
81
507
34
627
204
248
217
204
304
248
248
148
47
280
280
210
241
192
234
193
198
557
160
575
111
316
459
557
336
389
202
336
250
456
157
576
539
116
236
163
288
244
222
204
125
308
546
479
308
191
631
172
172
308
475
475
101
557
644
62
38
62
101
389
483
483
576
483
375
482
326
276
86
276
276
75
162
126
435
297
528
68
68
459
429
633
233
297
460
4
320
233
426
205
169
535
98
28
98
589
247
123
29
613
187
167
238
281
352
238
238
165
127
653
21
115
653
496
653
453
469
368
574
452
442
275
633
590
590
90
590
442
171
246
28
274
601
571
464
8
144
57
8
464
8
144
316
416
289
289
487
30
487
551
487
226
394
7
374
644
394
394
202
502
229
448
448
448
145
448
331
304
331
322
152
7
89
206
408
315
365
408
595
221
165
89
114
509
536
114
618
245
277
455
175
277
277
277
352
375
411
375
155
103
620
145
335
87
206
419
266
346
397
142
317
632
397
66
415
221
341
350
163
290
290
131
433
113
627
113
256
520
257
543
238
269
252
147
269
252
252
321
623
76
321
604
604
575
285
285
285
198
286
459
621
9
237
244
244
508
482
231
88
48
508
422
520
215
52
177
52
259
229
242
325
616
7
175
190
178
178
234
510
510
245
133
510
620
435
143
620
146
143
130
259
628
235
261
189
296
20
188
188
411
311
232
428
565
2
2
624
125
476
132
222
501
2
435
158
533
387
374
5
363
51
585
63
529
371
349
606
606
387
606
5
51
51
58
103
8
598
272
478
187
556
127
451
148
527
509
587
239
222
96
314
103
217
103
65
41
502
103
130
36
638
549
481
638
573
587
378
165
228
411
271
562
622
641
69
585
323
42
18
158
97
358
389
87
133
36
333
556
208
637
46
59
514
196
54
470
431
281
431
586
317
431
124
281
318
157
207
210
350
231
93
640
643
515
613
25
522
372
579
599
590
361
335
205
397
173
173
565
194
119
112
205
335
572
283
305
453
474
228
424
228
17
534
235
391
629
72
564
439
595
107
496
170
351
651
354
470
197
115
134
188
225
123
128
123
318
100
457
642
253
524
449
269
118
449
57
91
512
512
650
512
321
343
264
596
186
528
380
596
52
255
515
650
405
217
650
596
242
172
432
413
65
643
642
23
343
571
149
23
380
43
380
328
336
95
399
33
283
289
326
180
639
8
202
119
326
353
326
380
555
429
555
380
361
76
165
375
481
478
401
146
146
627
99
287
545
207
257
168
636
139
220
223
484
437
550
348
32
574
366
121
35
168
406
213
438
535
279
197
575
398
420
79
244
390
278
632
93
399
159
194
412
343
138
220
331
176
356
115
79
123
369
20
370
479
203
206
280
523
226
280
240
609
507
589
341
136
394
26
136
364
188
455
435
56
194
260
238
1
1
28
25
549
147
364
6
147
62
319
16
168
93
168
225
310
353
172
353
353
551
215
592
376
435
427
573
105
581
307
105
427
427
57
139
44
504
160
330
419
307
129
323
562
159
297
206
611
42
240
322
240
518
347
232
240
522
140
197
632
567
606
150
440
296
5
519
213
492
439
568
300
566
312
615
25
310
447
66
643
267
126
283
319
100
102
624
302
9
302
9
63
126
339
463
535
265
452
479
142
222
226
337
309
368
315
245
125
525
199
525
447
355
32
549
32
32
32
571
32
32
98
457
324
645
596
73
73
73
282
331
344
4
16
493
19
149
119
119
358
125
624
41
580
393
454
503
616
580
540
54
622
341
428
182
233
584
351
190
306
318
546
337
318
418
107
609
329
594
609
554
276
192
83
95
189
121
409
617
520
520
594
586
35
586
453
586
236
599
550
550
10
361
333
333
359
226
189
564
359
137
34
195
195
195
195
3
195
503
561
26
268
457
50
559
293
384
462
617
161
49
455
509
438
20
496
582
522
376
118
19
514
388
246
383
199
212
212
404
463
506
43
509
45
509
193
402
560
288
292
288
456
84
606
480
275
275
275
523
275
538
84
609
609
346
141
100
362
592
585
405
511
212
95
95
95
598
194
141
438
539
81
92
81
134
407
519
311
462
491
462
301
44
460
7
0
599
212
429
212
159
354
77
570
145
570
584
243
215
425
460
198
305
122
295
122
76
348
397
221
135
76
135
425
429
42
316
433
605
518
605
153
605
599
12
469
177
332
194
166
85
200
386
433
107
8
220
313
345
431
401
98
401
98
59
553
98
401
98
253
172
160
544
644
206
531
390
390
306
73
368
218
26
606
404
236
164
480
489
583
583
583
434
60
125
413
273
67
434
390
216
531
239
388
565
388
388
382
458
157
553
646
235
534
345
566
453
346
346
502
484
346
343
18
303
644
587
174
258
69
406
469
104
55
78
269
451
205
381
17
451
203
522
416
238
47
415
148
267
595
389
74
577
285
525
168
15
488
617
107
6
0
0
148
553
256
530
611
270
470
7
62
393
298
628
393
578
470
622
90
470
531
114
114
20
114
223
421
340
558
543
243
19
258
464
392
552
260
478
574
413
19
470
143
14
301
487
69
643
169
69
590
590
308
473
473
352
473
473
30
134
615
212
282
282
106
89
342
223
498
433
580
503
167
425
10
409
613
493
597
351
351
631
609
378
223
548
30
641
561
394
392
392
274
561
157
154
209
100
100
233
209
89
301
207
541
470
423
423
423
423
423
423
423
423
423
409
586
74
50
347
184
442
17
491
42
508
452
250
299
250
250
250
50
21
213
400
125
293
253
192
554
588
548
79
607
57
542
531
11
0
11
64
227
128
641
524
235
232
124
608
510
510
141
427
417
89
6
275
590
235
479
510
108
406
305
305
138
389
127
305
586
186
507
586
85
518
427
356
455
59
12
401
140
240
246
223
616
430
291
143
87
141
159
645
110
64
567
64
40
65
65
88
65
124
517
652
517
99
549
306
544
306
452
24
332
211
211
476
26
3
527
401
128
86
488
513
385
632
233
638
155
254
579
644
263
507
581
458
219
124
288
262
80
312
353
560
39
39
39
454
25
8
25
412
511
40
100
82
315
337
486
447
351
6
74
320
320
320
197
457
320
536
52
273
504
504
226
504
432
18
464
504
55
151
217
383
505
383
524
157
584
314
93
412
519
93
236
371
164
305
304
244
240
608
592
411
351
63
241
187
498
284
170
244
118
88
251
285
285
228
313
230
230
230
626
315
630
169
588
588
157
403
303
617
188
460
262
248
64
179
644
471
179
283
354
393
466
492
539
492
430
84
350
151
50
338
239
350
94
91
552
260
91
368
73
91
249
572
470
176
302
528
193
48
300
149
286
337
486
364
286
131
537
364
150
55
500
442
151
480
500
27
267
301
346
68
38
422
326
324
63
212
272
136
413
48
185
22
391
387
27
487
176
551
487
535
462
356
473
626
70
70
490
536
97
129
145
319
447
133
498
498
104
498
214
29
207
633
633
169
156
604
318
302
392
111
19
342
120
210
339
201
220
163
38
211
258
357
81
554
357
559
391
104
164
4
598
640
370
370
370
458
450
458
174
174
88
130
135
185
601
601
257
399
145
601
249
155
249
196
127
464
551
349
395
186
338
595
334
582
580
40
195
40
17
54
290
136
8
325
497
439
325
13
144
128
492
327
417
218
341
417
20
214
212
595
595
595
17
39
21
618
21
109
415
161
366
623
161
353
321
6
421
313
456
580
295
421
484
317
424
176
424
428
424
424
138
527
170
550
352
520
525
255
70
520
496
23
619
524
34
260
570
524
524
66
290
375
429
346
215
647
640
54
177
414
592
337
23
4
340
507
88
85
397
374
218
334
484
80
597
614
476
123
417
503
45
503
261
404
29
29
186
529
360
43
638
64
64
64
573
181
246
399
82
621
319
315
612
402
387
96
560
332
353
577
287
287
0
475
0
253
206
597
589
313
329
50
497
497
577
626
581
279
283
225
407
151
258
407
244
509
622
651
450
116
190
17
190
265
16
447
116
148
148
15
204
322
204
286
224
624
210
193
193
442
217
160
57
257
349
406
316
530
345
134
430
127
372
627
163
602
163
163
104
137
573
396
546
193
150
396
396
396
546
546
546
367
391
396
357
396
396
396
396
61
594
62
62
359
483
483
483
482
483
300
342
556
482
294
579
482
24
24
4
53
513
218
86
204
104
340
251
447
326
44
507
377
24
429
559
290
190
276
91
529
240
65
144
228
529
252
171
88
208
544
460
411
623
272
623
623
42
322
304
626
579
66
604
21
631
496
496
601
221
601
558
368
494
368
574
177
539
322
452
564
110
171
90
464
63
554
171
404
82
6
566
509
225
225
289
289
289
400
379
502
421
502
400
266
363
224
394
455
440
324
71
174
232
533
138
355
405
344
583
94
263
360
263
320
504
430
317
600
618
311
307
325
336
602
317
177
397
373
319
142
501
142
531
142
408
72
632
534
164
149
149
266
342
448
221
402
208
32
350
350
202
329
421
131
337
267
256
41
383
376
627
371
371
130
627
213
636
72
82
258
553
109
441
154
154
459
123
638
573
517
563
82
26
66
286
117
284
385
255
47
445
444
445
443
443
443
444
443
444
444
443
444
443
444
444
567
445
444
445
559
443
243
482
444
445
443
445
445
443
445
101
377
194
653
285
225
421
150
500
651
215
357
18
555
454
178
146
146
68
130
130
313
634
634
95
637
576
261
22
572
261
361
374
141
229
459
459
304
459
246
162
246
476
92
401
474
222
23
222
132
432
458
384
27
2
585
435
372
532
102
158
435
565
158
53
75
348
144
198
528
272
63
478
63
441
641
567
127
486
325
447
187
187
566
143
370
137
65
110
69
441
640
222
222
69
139
638
66
373
41
188
587
450
217
327
327
344
219
327
213
460
248
612
442
549
316
69
218
277
442
274
169
450
550
12
562
400
138
592
126
463
463
298
10
463
180
341
514
152
315
414
271
414
25
490
522
553
337
588
196
93
133
273
216
48
641
643
428
73
335
488
91
372
59
135
105
105
534
191
550
199
199
219
577
184
588
577
58
651
451
97
95
72
72
629
94
134
625
178
134
78
278
527
385
363
615
569
224
274
497
253
449
549
253
253
255
585
451
398
585
305
23
329
385
223
65
632
247
545
607
361
404
597
283
178
399
283
37
516
353
326
112
51
111
12
175
51
436
611
180
180
180
180
625
180
121
170
55
45
400
508
621
535
22
220
554
201
220
220
197
582
426
582
50
597
203
203
176
169
166
166
166
100
22
505
188
278
208
26
208
185
375
489
138
107
172
138
25
60
41
373
376
376
183
576
541
387
579
124
191
573
550
556
556
556
504
594
485
556
556
318
209
299
86
309
307
129
40
159
453
287
579
66
110
611
110
474
56
623
123
632
264
614
540
440
33
419
154
348
274
518
406
519
51
219
261
568
568
480
607
568
568
224
576
309
615
96
312
34
34
34
329
545
613
267
615
277
211
109
280
585
506
562
172
339
561
448
448
525
448
462
180
229
355
640
634
640
245
250
382
162
143
480
374
367
596
45
373
282
254
603
390
109
372
263
551
201
358
652
615
486
51
415
110
372
268
616
616
384
199
306
306
306
295
407
594
381
464
121
179
83
83
83
361
568
600
427
21
175
98
362
211
349
413
561
36
268
457
159
164
457
431
147
96
454
406
310
607
374
383
581
615
333
84
344
344
84
481
247
523
382
535
191
340
402
297
288
407
493
502
198
275
149
18
519
228
377
141
377
206
441
499
201
7
354
485
280
81
631
464
77
243
243
348
451
380
347
79
42
380
624
487
280
535
184
535
332
194
242
372
141
200
36
200
37
648
181
107
223
107
421
575
518
614
312
283
506
156
553
109
162
173
95
354
199
544
277
198
138
637
300
390
644
513
17
316
14
121
404
84
434
559
273
273
273
318
331
230
646
60
44
566
362
66
190
598
391
70
573
211
346
409
451
395
496
71
217
160
205
395
395
541
395
263
164
408
74
122
6
405
6
214
493
381
650
271
157
560
343
134
129
507
421
92
637
451
495
409
611
611
611
90
571
376
324
441
85
78
78
30
30
317
304
613
216
580
147
169
418
615
154
248
418
292
174
541
449
457
372
528
516
70
184
395
184
508
496
23
518
299
283
562
50
641
24
452
607
491
374
256
608
480
89
590
497
302
652
652
652
273
652
502
652
207
242
652
55
315
198
108
54
358
474
275
642
117
527
603
491
189
637
85
579
300
59
300
164
300
603
246
357
603
97
382
515
430
203
430
104
88
167
554
422
110
281
281
363
281
191
356
171
433
417
394
159
497
399
473
515
549
79
79
79
621
86
650
534
390
597
186
186
300
581
326
432
7
381
646
213
539
348
529
385
33
310
113
458
447
447
526
362
152
153
645
514
72
631
223
505
365
289
13
371
508
231
164
323
16
192
92
83
426
426
373
284
332
232
513
486
322
132
485
315
358
246
246
27
27
117
117
226
576
334
503
334
229
150
333
414
539
490
175
173
301
260
517
517
517
517
517
373
9
303
407
87
470
48
153
11
341
53
342
187
529
340
529
49
284
364
364
364
93
477
537
477
477
477
450
477
477
477
477
477
358
412
126
298
449
29
254
475
377
410
22
22
27
413
323
323
462
207
641
72
490
571
201
201
350
56
19
476
350
15
342
535
302
331
385
613
339
267
431
344
316
619
4
186
4
130
148
130
86
619
234
43
512
39
285
47
349
648
601
338
142
186
97
97
646
333
566
87
177
136
136
624
325
624
633
216
581
458
497
325
61
387
530
156
156
185
140
370
20
20
20
518
162
266
332
618
309
597
109
493
53
45
650
373
431
17
137
565
619
619
491
93
645
352
28
479
86
86
489
86
313
132
261
260
379
577
556
219
628
283
15
641
183
281
78
340
125
210
80
300
300
579
9
150
248
436
417
285
82
622
315
332
191
612
575
151
96
584
577
558
354
183
410
472
41
313
236
236
360
360
577
577
360
399
626
9
9
417
268
244
268
268
528
528
621
17
328
390
59
265
413
16
47
574
322
376
375
505
588
22
335
631
216
422
169
145
367
496
530
216
239
442
516
442
94
627
344
386
150
112
75
134
406
508
508
416
48
482
482
482
122
204
388
480
521
314
314
273
15
526
243
381
381
598
598
598
310
290
240
511
66
137
99
594
594
594
132
490
221
628
473
253
90
177
177
6
427
240
571
582
90
116
400
319
367
367
536
118
138
266
335
229
235
592
3
3
30
405
405
13
553
363
391
600
369
393
358
161
168
336
52
208
317
195
256
311
62
174
450
382
488
88
256
266
84
51
493
608
358
608
505
16
623
627
113
551
249
249
249
249
249
72
294
288
381
573
303
187
298
545
481
481
133
266
240
134
512
559
499
243
377
244
575
165
497
497
261
309
576
170
551
362
355
460
189
3
343
225
23
361
46
257
63
575
215
191
307
593
57
57
57
323
154
575
528
486
301
177
68
448
593
248
612
77
49
450
450
628
307
126
518
420
409
476
196
620
196
506
47
153
571
153
608
66
247
617
469
543
203
57
135
132
550
418
598
599
149
246
107
541
78
575
115
115
115
131
613
622
454
275
638
303
118
170
395
607
289
150
113
400
51
400
545
545
369
96
16
112
112
625
472
625
625
16
180
621
296
291
328
341
452
124
295
295
295
349
475
203
505
491
505
453
238
89
299
571
183
124
316
579
109
331
620
497
544
40
502
231
151
648
648
648
251
641
646
282
264
133
541
11
258
274
226
58
519
274
252
520
221
582
230
119
96
339
382
382
650
390
132
31
31
112
487
582
4
219
475
234
614
614
419
533
425
325
125
441
269
264
209
449
362
161
220
147
31
514
514
514
379
149
223
434
434
434
402
418
418
206
437
200
585
43
94
369
409
523
523
538
46
460
184
60
194
259
170
175
24
333
141
43
137
470
546
312
171
90
210
612
312
653
519
385
109
349
109
645
183
645
199
480
287
138
269
269
203
112
156
327
232
338
559
592
236
230
407
589
394
265
608
623
150
309
646
104
314
239
217
496
621
639
621
164
40
57
167
412
299
312
312
256
92
108
495
55
495
345
495
472
495
495
376
441
324
462
584
324
441
162
633
210
494
18
45
113
201
127
26
384
254
386
254
254
607
184
378
204
641
270
452
13
217
618
466
256
67
232
284
527
298
294
102
102
102
118
319
118
167
118
429
210
422
451
409
68
522
88
488
488
456
635
121
365
649
121
637
398
637
377
234
356
234
272
204
515
267
58
609
390
503
352
603
353
113
526
501
616
348
616
18
7
581
9
651
501
115
153
328
646
505
591
619
264
506
506
422
371
92
116
369
112
170
571
3
503
369
284
651
132
132
516
623
519
307
292
153
347
226
347
292
116
301
474
572
572
78
9
521
356
342
599
629
266
284
289
529
340
106
106
449
449
153
391
410
30
56
229
521
648
110
78
213
385
339
339
411
345
83
379
261
267
2
2
2
357
136
415
47
12
651
651
651
219
501
501
316
633
234
0
525
624
365
365
391
593
483
622
510
185
622
521
114
113
422
49
1
28
533
137
182
182
137
127
453
11
358
141
86
489
355
15
281
16
203
512
479
437
203
191
191
356
575
189
346
534
619
291
472
541
410
410
290
410
183
307
219
11
545
265
165
265
439
619
555
555
555
152
152
509
509
367
291
294
646
632
370
68
530
239
239
164
366
94
278
344
344
406
48
521
286
605
605
145
279
112
82
314
431
168
356
511
503
454
195
190
15
589
313
211
200
200
174
125
469
322
299
202
521
192
516
71
71
571
213
5
594
131
490
653
3
197
197
593
261
593
610
610
377
269
377
208
208
550
369
130
84
505
628
499
277
531
421
294
294
560
294
614
67
78
614
67
296
241
288
493
37
499
499
499
365
365
11
576
333
551
439
46
46
257
166
257
263
593
629
562
644
144
189
142
599
278
84
420
518
318
263
301
620
620
620
559
278
469
384
387
495
617
600
369
162
573
197
416
649
563
563
589
563
328
272
299
494
644
462
147
532
530
522
648
648
458
398
366
58
622
606
523
45
117
464
143
146
234
611
125
53
557
262
319
308
552
75
219
264
534
593
420
585
523
262
33
46
46
547
422
653
108
108
108
108
308
167
322
580
628
327
155
338
592
591
591
591
591
591
591
591
398
591
591
327
624
239
239
310
279
639
48
217
324
37
428
170
555
428
307
412
428
158
345
146
126
475
475
495
426
110
584
324
324
441
439
408
414
132
314
254
254
260
489
258
633
633
633
532
330
565
530
530
479
175
291
291
291
216
472
145
181
167
438
121
544
649
456
398
600
603
624
635
635
635
635
527
635
635
635
635
34
501
616
340
501
501
47
407
43
43
431
348
412
583
543
583
329
453
533
371
218
369
292
367
587
367
634
226
116
560
332
74
292
74
436
617
419
229
242
126
472
37
259
259
29
213
15
14
67
67
65
563
219
398
593
251
565
75
453
506
547
506
36
327
333
437
437
347
438
345
416
0
165
71
294
15
278
192
619
619
541
165
68
13
354
239
44
133
391
404
53
408
605
212
485
485
485
515
56
16
362
341
341
116
363
152
522
403
213
495
282
536
636
636
636
631
504
628
628
144
48
67
436
287
183
183
11
629
629
562
629
629
318
466
84
356
620
475
162
589
327
647
597
176
592
167
540
518
513
366
295
295
298
515
436
531
489
45
143
384
439
384
172
33
53
566
365
269
172
181
547
610
308
407
159
515
355
422
456
553
379
232
379
581
231
120
639
639
367
336
58
362
363
537
366
252
260
544
118
565
181
266
266
612
420
81
642
522
152
639
330
192
391
202
527
500
500
43
199
543
543
116
412
56
107
329
277
192
426
419
96
366
403
414
121
37
60
60
60
342
106
75
262
630
342
547
653
174
75
537
547
547
547
649
649
155
155
537
117
59
96
533
537
533
537
382
160
139
406
103
120
1
120
120
139
316
420
13
214
101
362
557
101
101
403
197
505
533
533
570
188
643
520
475
139
328
187
328
252
364
308
187
233
295
536
516
516
436
436
298
298
298
411
572
297
333
439
405
122
414
214
253
385
227
414
363
366
366
91
530
336
420
259
438
606
330
639
330
330
330
303
287
596
144
107
53
532
78
642
419
286
142
532
14
14
419
14
14
436
540
540
183
262
272
144
537
568
500
568
155
600
74
600
600
129
310
304
289
237
521
88
103
103
82
466
258
603
613
420
420
188
158
364
647
207
647
569
569
569
569
569
569
569
365
30
438
160
38
41
129
647
457
646
647
647
647
153
520
593
532
484
245
122
171
261
405
532
578
173
71
513
513
436
532
7
183
607
237
237
237
176
176
500
522
500
469
622
532
46
272
465
465
465
465
465
465
465
465
465
467
105
105
467
467
467
467
467
467
467
468
468
468
468
467
105
468
468
468
468
466
468
105
237
38
274
245
94
122
247
64
596
171
49
171
92
299
352
525
525
426
272
272
418
414
49
142
237
77
92
600
92
49
202
74
74
191
546
523
558
596
558
637
543
418
202
202
361
596
621
552
29
53
537
419
325
543
452
499
291
499
386
386
532
49
378
612
230
493
612
386
386
284
386
462
