33
42
40
40
40
32
32
40
60
8
52
33
321
144
38
87
38
38
42
90
40
38
85
38
33
125
43
40
125
35
38
38
38
87
170
40
38
52
158
240
77
73
71
43
52
52
32
101
40
33
98
38
57
37
159
101
65
159
159
2
40
305
40
2
52
126
62
95
32
48
31
30
7
16
8
85
35
40
20
38
25
44
363
25
38
85
38
25
40
8
17
125
199
266
13
37
17
24
52
31
65
35
17
205
29
25
17
125
17
17
17
17
17
17
26
17
203
17
17
317
57
38
82
26
42
43
87
87
87
34
87
322
31
33
87
7
87
87
243
8
8
41
44
85
37
40
125
364
101
85
30
40
40
68
25
101
55
24
244
24
25
176
164
162
65
8
40
15
37
176
249
76
101
77
101
48
183
160
5
24
13
37
166
35
37
18
322
37
195
7
57
25
74
195
44
7
11
70
89
37
35
140
98
37
66
33
8
157
8
33
294
33
52
23
62
158
85
61
42
50
23
23
101
62
137
32
125
48
43
125
125
305
37
125
32
39
175
8
7
52
176
28
43
145
176
197
240
197
38
85
101
49
10
101
101
82
10
101
38
52
52
144
52
85
52
43
26
167
38
35
35
35
341
334
176
26
26
25
125
26
66
26
25
25
8
8
249
6
43
16
85
134
29
57
29
317
77
28
143
57
101
62
144
48
134
43
322
43
33
50
149
85
42
114
89
8
47
326
244
87
112
87
176
33
87
61
31
41
335
249
33
8
105
239
157
37
26
52
32
32
2
32
32
33
16
16
26
35
24
125
244
363
87
16
16
89
16
38
16
62
212
125
25
32
44
356
8
33
16
16
34
87
63
33
50
188
50
50
50
50
174
50
125
43
175
50
50
34
50
176
50
159
125
62
162
34
16
32
32
63
31
223
31
31
43
7
34
34
7
16
218
8
50
50
176
244
31
176
24
24
101
125
57
26
111
39
125
37
20
363
78
330
31
125
31
31
35
133
35
35
273
31
31
35
35
47
35
35
82
57
20
19
26
183
31
139
32
32
13
134
162
32
157
157
30
30
25
30
31
35
35
20
20
36
20
20
20
136
20
20
20
317
20
107
283
78
31
274
31
32
363
57
201
47
76
24
25
85
22
26
227
299
159
13
42
13
13
143
13
37
52
40
44
36
16
41
41
41
37
41
41
41
41
71
37
37
37
65
235
37
325
168
41
363
37
23
73
23
33
31
32
26
6
2
39
44
41
39
322
48
33
33
41
2
2
170
40
42
42
42
42
6
7
6
42
234
234
28
32
62
38
349
244
244
55
8
40
322
10
59
25
57
52
317
5
52
159
85
5
42
146
244
52
28
42
19
159
159
159
159
159
42
42
244
42
92
29
52
9
42
42
43
33
33
44
44
43
43
29
29
24
175
24
29
31
43
60
43
133
70
307
67
43
7
7
341
57
89
219
284
7
321
19
65
48
164
60
57
19
48
19
65
19
19
6
6
243
6
7
6
6
256
65
62
62
183
77
183
183
28
183
183
85
183
183
244
248
183
183
28
28
240
29
322
322
183
43
322
44
44
44
44
44
44
304
244
43
249
95
161
91
137
22
322
322
65
19
70
322
26
26
284
30
108
183
70
78
13
70
175
69
249
107
166
57
355
355
355
65
65
5
5
119
13
13
13
13
60
123
112
25
25
32
28
322
18
165
85
13
158
322
18
18
143
18
18
249
29
45
71
45
13
13
0
13
13
305
7
28
7
27
174
10
5
29
28
28
85
144
228
244
164
10
77
8
178
244
96
19
341
144
19
28
151
44
35
7
16
67
64
83
70
234
234
162
317
43
280
28
28
28
175
28
141
164
19
19
19
19
42
85
82
306
19
236
154
158
144
166
77
19
19
64
240
6
244
65
48
164
249
144
143
44
29
44
68
64
47
44
44
51
7
212
7
55
51
51
298
19
10
29
176
6
6
64
25
317
176
176
158
73
82
144
330
29
77
48
57
89
48
298
317
11
340
68
29
52
29
167
148
48
112
55
48
17
76
68
176
176
47
8
8
57
112
176
61
158
355
249
178
249
59
59
65
265
85
29
91
57
73
342
59
57
158
166
62
112
29
122
89
82
2
342
55
8
36
36
36
1
176
227
47
89
100
227
227
89
89
60
125
202
244
57
65
163
240
60
89
60
187
172
15
53
65
243
144
344
11
82
172
48
48
212
313
313
196
55
158
350
207
71
101
125
175
53
53
53
132
322
157
322
186
298
101
94
101
101
244
160
151
244
74
317
363
74
298
298
298
148
270
298
48
298
320
298
298
298
321
298
298
298
54
73
54
298
61
49
59
57
202
147
57
77
77
164
249
249
195
334
70
175
357
112
85
68
51
153
15
112
147
59
357
69
18
165
48
55
112
112
93
112
55
47
55
80
249
135
243
163
14
40
140
14
15
140
74
15
14
15
114
14
14
26
223
97
12
15
205
158
158
42
205
16
158
53
112
53
60
213
82
174
60
77
363
60
64
64
51
64
64
91
56
199
64
46
231
59
112
61
61
60
60
320
67
47
47
47
276
320
76
320
17
243
243
243
212
17
47
126
355
164
158
91
197
112
317
203
164
148
164
65
162
160
158
159
166
158
55
61
112
164
317
226
311
311
355
6
51
51
51
51
51
51
243
104
51
202
6
76
10
158
355
47
256
26
64
47
47
51
212
63
355
73
363
39
39
47
173
23
363
215
5
59
5
5
5
51
153
51
51
51
113
162
243
66
158
345
26
243
26
26
341
47
78
243
73
46
77
345
46
195
63
158
4
147
79
55
59
195
99
80
24
281
240
320
73
84
213
298
321
181
240
70
300
322
162
274
78
78
60
164
265
60
214
64
10
52
64
80
280
30
63
20
305
47
63
63
160
60
60
178
60
163
60
47
209
87
87
230
87
254
195
195
195
90
195
195
195
320
195
158
172
33
152
66
320
215
215
243
215
363
363
305
113
363
363
49
305
164
164
68
181
243
64
47
61
77
55
112
249
249
243
113
113
113
113
203
203
45
114
45
46
114
114
114
114
348
114
114
15
231
61
231
341
95
99
104
240
64
243
164
83
64
163
67
64
243
60
66
156
202
243
163
121
243
67
67
62
266
62
96
212
143
50
143
143
143
71
124
215
64
89
71
212
61
61
61
64
244
66
104
212
134
60
66
317
317
113
78
170
113
64
143
175
67
67
18
67
70
70
70
326
70
70
70
265
279
165
103
62
175
66
99
77
99
82
50
50
50
91
50
147
165
59
51
77
77
349
99
62
18
18
176
144
144
144
99
104
256
65
284
65
1
341
63
63
172
63
66
65
333
64
71
71
341
341
341
65
66
341
72
81
61
80
333
214
171
83
81
212
243
243
81
305
163
18
213
168
66
72
83
66
104
249
72
203
5
5
99
265
341
240
81
202
202
302
324
137
110
348
164
164
65
175
174
66
71
66
202
57
72
72
72
80
147
63
99
99
83
62
62
171
164
143
148
104
104
104
99
178
295
21
77
81
168
81
212
212
12
164
5
251
363
59
145
145
18
76
145
145
96
145
61
61
79
133
79
61
70
61
76
113
113
82
28
28
29
28
333
10
86
10
174
10
10
10
28
58
81
81
81
342
213
66
82
39
82
82
82
97
320
80
123
80
67
66
109
226
162
175
66
146
81
240
81
66
341
143
143
248
212
147
90
96
79
67
295
77
164
84
71
71
214
214
84
84
181
181
240
16
298
104
81
301
84
81
178
82
207
203
288
25
67
326
59
83
171
83
83
83
83
265
83
83
83
61
53
146
67
143
152
102
80
302
74
74
74
74
74
74
74
168
249
74
240
298
357
90
74
74
74
74
71
71
71
152
305
71
71
71
184
83
83
175
83
281
77
77
161
77
320
320
320
91
202
29
147
10
29
151
231
151
191
76
86
10
10
84
175
56
67
165
67
184
153
89
67
175
87
355
161
76
305
305
80
80
80
80
80
80
80
80
80
80
139
323
175
317
175
357
81
78
160
184
184
305
184
341
73
184
184
299
184
184
184
117
227
184
184
184
83
140
175
67
93
219
11
249
274
18
67
84
63
89
89
89
285
76
89
165
10
284
171
67
67
71
22
362
305
76
76
99
76
66
165
39
323
305
34
143
240
76
18
18
344
265
147
18
168
165
195
163
284
330
85
241
85
16
81
4
280
247
345
139
9
139
9
162
9
9
9
9
9
9
9
9
9
9
58
203
10
337
9
58
9
9
3
206
104
9
68
9
9
9
276
76
76
167
265
256
147
202
103
103
103
106
240
137
202
284
73
171
73
258
153
11
59
165
265
59
105
174
284
79
79
280
0
0
0
0
0
0
0
0
0
105
2
0
81
160
0
81
81
168
90
90
148
90
172
172
259
172
249
55
11
348
79
152
36
105
91
202
203
78
140
91
53
99
265
69
174
36
203
82
82
10
68
84
68
68
301
203
68
68
68
68
68
68
305
22
68
165
164
59
54
249
70
70
305
202
202
171
130
94
70
84
54
70
179
157
163
90
90
90
151
0
0
0
153
73
279
73
73
73
153
2
153
153
30
96
0
0
160
2
160
68
68
357
148
134
91
91
143
143
143
221
82
45
112
35
257
171
49
91
207
277
23
148
148
152
148
105
148
148
240
178
252
0
240
91
240
153
153
0
59
0
250
59
226
264
82
147
165
336
280
306
59
165
139
165
231
99
23
317
317
317
317
104
317
342
182
361
182
63
91
96
326
225
163
163
113
97
135
99
99
99
171
356
165
152
58
122
160
160
160
182
182
163
118
225
353
225
225
225
225
225
225
353
225
225
353
353
353
97
199
274
178
334
347
165
91
91
148
91
30
30
30
30
152
30
97
104
122
147
162
162
100
355
165
165
202
219
202
332
15
135
78
163
141
135
135
2
262
336
152
148
177
324
49
357
96
203
1
23
349
80
222
202
86
152
14
165
318
340
2
2
21
96
96
49
96
96
284
96
349
104
104
158
48
74
74
74
74
89
70
83
315
97
163
93
329
256
157
89
55
55
264
84
105
105
231
96
96
96
127
54
54
345
3
3
364
4
3
112
252
3
3
4
4
4
4
345
218
4
4
4
291
4
252
4
4
4
148
4
4
4
2
14
105
4
265
79
79
226
265
213
322
355
322
342
352
320
49
283
91
347
348
348
151
151
288
151
151
292
56
97
212
160
160
199
160
97
166
21
79
283
149
135
36
314
314
314
314
199
314
308
15
15
13
15
259
182
15
15
15
13
15
336
15
187
15
15
15
14
56
162
97
130
283
97
102
97
213
181
56
169
62
63
174
63
256
56
54
63
63
136
135
264
349
335
320
320
342
105
342
342
342
119
153
137
342
153
148
148
140
148
140
161
148
191
148
340
213
349
283
137
264
147
174
7
7
324
143
160
152
105
146
140
119
115
140
140
155
175
336
283
69
34
261
147
140
168
147
152
105
213
213
213
161
161
161
161
161
149
161
161
161
161
161
138
138
336
160
336
355
355
109
94
126
299
92
94
216
128
94
264
171
41
105
336
336
242
97
265
256
171
105
171
135
147
55
275
79
305
230
152
97
152
152
177
94
330
94
102
283
94
135
109
126
46
357
39
219
135
178
181
178
146
94
94
226
94
147
219
119
63
159
63
159
177
105
79
11
11
11
11
213
104
78
78
78
78
78
152
102
297
198
174
152
122
168
135
18
18
160
341
83
178
157
149
178
168
295
168
168
168
236
236
137
137
174
149
149
149
172
172
242
306
96
96
154
154
154
154
100
100
100
100
1
1
83
280
349
79
174
153
79
256
71
84
39
96
332
137
264
137
54
54
54
334
174
174
312
154
154
154
154
256
149
149
149
137
23
158
357
330
103
169
265
62
168
191
23
237
135
215
168
56
157
174
174
155
174
250
174
174
1
146
231
199
126
162
2
56
147
5
174
56
136
37
7
2
312
133
177
5
5
173
173
17
173
41
173
153
300
2
4
340
4
3
3
3
3
3
3
54
54
54
341
256
178
149
151
159
159
260
156
159
226
23
359
79
284
23
56
23
23
286
23
56
56
23
5
5
5
278
11
334
149
56
315
290
39
256
157
256
102
146
102
153
276
79
299
349
79
56
147
278
172
155
79
79
109
157
160
129
256
92
150
150
295
274
274
108
108
153
179
56
56
344
333
269
46
357
213
129
129
286
157
157
157
157
157
312
199
149
167
273
199
199
331
135
226
135
199
264
274
312
149
149
175
330
36
134
154
36
226
109
36
92
135
341
283
136
216
256
172
216
360
357
207
282
154
231
336
140
266
172
336
336
135
134
157
56
207
56
315
315
195
315
134
315
291
129
357
179
146
115
341
11
157
226
213
335
226
146
226
179
315
342
203
91
213
287
207
22
357
207
231
207
207
310
179
286
357
179
179
146
179
265
149
242
149
71
291
187
172
325
212
213
219
16
274
119
219
357
273
94
226
176
12
178
140
176
140
175
56
151
69
58
47
76
146
146
146
269
54
53
12
357
207
135
146
146
11
11
181
181
148
172
179
179
179
41
179
179
181
181
181
12
95
168
312
46
312
283
95
239
313
115
299
115
299
299
117
347
299
279
242
98
53
184
184
214
98
146
102
11
160
102
41
41
68
181
181
14
94
319
273
104
93
252
252
252
252
217
102
104
93
93
252
252
226
226
323
226
137
137
137
137
137
137
137
113
300
133
357
357
357
357
186
186
332
329
102
222
178
178
140
102
160
349
79
109
178
219
150
115
113
150
135
290
276
109
321
151
127
172
140
287
180
45
140
144
140
177
140
286
333
264
226
349
119
119
266
178
119
248
177
177
177
108
177
177
123
154
187
177
12
205
226
130
58
109
294
228
283
109
94
264
14
144
353
94
162
335
172
172
172
229
172
178
349
311
349
145
108
142
186
360
177
264
312
177
58
198
302
293
177
123
177
177
177
177
177
226
136
136
136
136
136
136
129
134
347
263
134
95
264
93
245
152
152
152
152
114
58
203
338
264
133
203
45
154
154
299
154
154
154
154
314
154
274
273
273
273
273
91
231
167
167
353
316
141
283
353
353
273
146
353
178
284
134
123
137
119
146
119
119
119
331
264
306
134
340
12
295
53
278
335
295
295
314
340
12
312
242
314
294
334
291
280
27
134
134
134
335
134
134
1
134
349
315
150
344
274
39
274
45
299
276
133
134
14
225
224
353
137
353
301
141
330
353
150
261
162
239
162
102
102
39
195
130
102
102
212
310
94
229
122
123
315
11
315
219
280
315
195
114
276
311
162
286
262
264
105
108
285
276
39
264
195
315
274
162
162
162
264
192
347
11
53
39
264
117
117
235
214
352
242
216
21
283
254
108
264
216
318
216
171
171
171
171
171
296
171
286
163
163
154
196
159
286
46
46
46
46
118
46
178
284
286
76
117
22
39
123
280
118
22
129
118
113
114
117
93
93
133
93
123
94
347
347
58
239
118
219
197
45
181
316
118
292
114
242
169
337
163
214
133
108
118
118
286
286
274
274
241
185
116
156
133
103
58
359
124
156
49
242
166
315
315
177
48
295
53
113
113
116
214
216
280
315
45
237
114
252
299
113
97
299
113
217
354
299
299
121
299
299
299
163
163
123
123
123
81
123
123
259
344
142
142
142
126
274
98
118
219
126
212
228
58
216
250
143
100
363
212
214
113
91
280
48
331
94
280
115
127
46
283
283
327
255
192
283
78
116
216
216
216
216
360
84
123
315
127
98
123
360
274
274
123
126
123
214
100
145
214
129
116
214
344
261
119
260
274
188
22
282
324
282
219
114
283
196
190
196
81
115
36
115
318
275
2
2
239
129
21
190
239
11
297
117
219
108
108
109
145
117
248
217
286
140
335
11
11
347
286
286
106
203
108
115
108
138
108
92
331
22
115
109
115
117
286
115
331
39
14
108
14
30
141
283
332
188
219
203
361
133
132
235
118
219
108
114
145
114
114
135
108
118
118
173
86
186
312
314
312
130
130
130
130
45
133
316
337
129
216
296
336
361
69
100
349
190
203
133
197
45
116
347
116
34
283
201
84
45
45
45
333
199
199
170
170
76
76
168
239
126
115
115
118
297
294
117
185
187
354
283
205
114
114
248
133
133
117
169
117
166
98
126
173
126
99
115
126
186
230
255
189
150
187
200
179
187
353
276
340
168
168
123
168
173
322
92
36
271
319
115
115
333
109
41
321
14
315
129
315
27
315
142
190
111
144
126
123
98
98
126
189
126
117
325
192
278
126
285
291
218
336
290
290
274
274
14
278
335
21
112
117
117
344
88
117
12
21
117
360
117
306
142
185
318
360
117
291
340
363
117
126
131
126
124
124
21
363
363
363
363
278
145
45
45
340
180
124
107
145
145
145
145
145
145
145
129
277
239
58
126
347
347
129
95
347
255
53
278
347
262
107
347
294
210
347
129
111
331
124
277
21
12
347
242
150
347
276
133
231
335
12
103
102
347
73
100
335
278
335
278
278
206
206
234
333
333
98
30
259
30
30
344
30
318
318
98
350
110
139
224
334
334
73
138
275
73
73
53
86
285
352
120
120
120
332
356
120
120
222
120
120
335
107
138
103
119
285
285
285
173
100
86
58
331
291
349
331
36
331
297
297
103
278
96
96
239
222
222
222
222
222
199
222
222
124
278
301
172
325
278
284
129
318
129
129
292
129
103
21
291
129
129
98
93
98
46
324
98
98
98
98
293
129
18
334
58
36
166
21
1
21
161
334
21
98
93
93
93
93
282
88
278
302
127
21
295
138
111
21
21
21
21
111
360
12
360
306
135
198
276
45
344
109
315
361
318
138
337
105
235
105
95
360
122
105
253
105
105
344
344
330
361
340
134
277
123
119
218
131
312
218
119
345
278
255
112
1
112
278
103
229
360
199
360
360
360
49
360
73
36
98
111
111
111
111
111
111
111
340
339
111
98
97
20
187
20
20
259
133
206
214
119
46
311
119
166
103
360
103
359
294
312
285
318
185
301
269
12
312
257
185
314
325
312
294
205
161
312
312
312
314
186
156
108
108
229
108
108
163
138
301
163
276
276
276
276
276
276
103
285
334
103
103
53
281
281
109
282
109
236
292
282
109
109
264
72
131
58
95
332
92
95
141
144
58
144
144
95
218
95
107
288
156
12
12
288
36
161
58
107
285
291
127
122
262
150
294
12
350
53
251
304
131
53
86
239
286
219
219
224
224
224
12
295
338
173
285
229
337
337
337
337
12
314
297
12
192
294
53
145
100
295
146
122
239
221
185
53
72
284
133
133
325
271
156
173
316
331
285
301
301
301
301
302
294
313
294
139
285
362
285
185
185
331
24
294
294
294
208
107
127
185
185
185
331
331
189
273
232
331
331
321
279
255
107
100
103
341
341
34
34
207
332
127
284
216
12
285
335
310
156
1
14
294
14
14
314
335
173
232
181
232
232
232
6
232
180
232
69
314
102
285
173
334
334
314
278
332
345
334
364
292
282
292
292
292
292
292
292
292
292
292
292
292
229
291
292
292
308
122
292
281
204
34
340
34
329
324
34
349
309
45
293
103
103
103
361
239
219
182
239
291
101
239
239
122
239
321
319
288
46
46
333
46
46
46
291
173
325
335
139
58
101
95
242
58
342
151
58
334
107
334
271
271
190
271
150
181
45
293
166
293
193
193
293
325
319
92
293
242
293
131
107
107
325
293
293
293
325
293
293
293
97
291
291
364
325
107
181
181
262
335
335
282
335
291
122
291
335
335
169
316
278
278
262
252
99
102
252
252
313
252
348
104
14
330
313
252
310
97
104
313
313
313
327
173
313
229
78
102
252
86
252
110
227
100
245
284
122
316
290
279
311
313
312
69
122
97
235
139
350
229
204
237
229
205
285
300
173
173
284
338
323
312
338
242
139
139
188
189
189
190
187
348
345
190
321
190
190
253
191
189
191
191
319
187
189
54
179
275
258
312
297
284
284
321
127
361
361
95
280
267
128
250
238
285
334
262
246
284
284
181
181
165
334
288
334
346
332
22
282
22
295
311
295
334
1
295
100
122
336
59
59
234
251
310
262
86
338
138
321
197
262
120
338
362
138
138
14
319
319
208
306
22
180
304
304
193
345
218
136
49
142
261
318
132
261
132
286
22
236
180
262
262
180
1
1
106
121
161
286
216
295
337
95
95
92
156
259
282
255
258
22
285
285
238
286
150
286
286
220
1
262
262
208
215
161
22
161
62
333
333
287
333
333
333
333
333
346
346
346
234
254
346
346
356
188
128
1
110
321
1
254
230
254
254
254
199
332
86
199
310
310
321
310
310
332
297
169
304
326
304
131
310
304
304
304
304
192
331
305
86
310
236
364
310
156
268
310
310
21
323
350
358
332
131
282
340
282
282
280
282
282
282
282
142
282
88
236
253
156
180
324
308
327
287
306
131
306
150
340
208
324
348
131
324
330
354
283
263
277
291
308
121
332
303
156
180
314
221
332
279
180
142
142
259
259
122
310
191
316
316
331
313
332
310
310
324
324
310
324
324
324
20
242
20
295
261
351
351
136
351
351
182
49
291
291
78
296
296
296
151
282
128
217
88
306
221
20
361
230
217
242
138
295
204
295
295
316
218
340
349
109
361
316
218
218
233
313
309
316
188
131
319
212
107
27
304
324
138
136
187
287
136
361
340
156
156
296
340
319
309
331
304
304
319
304
304
327
304
358
327
27
327
261
138
138
261
128
296
156
332
305
354
305
107
169
248
314
156
270
316
316
316
170
356
107
156
288
157
180
157
338
273
273
273
273
273
273
100
100
269
332
356
1
197
305
136
41
246
354
330
332
182
248
273
317
296
337
327
241
179
170
289
188
109
202
202
332
297
297
354
354
236
354
354
354
316
307
358
358
358
203
293
338
173
136
348
136
263
136
316
139
141
273
345
340
330
330
231
281
326
180
221
221
279
221
279
300
338
279
338
318
272
328
331
192
170
170
297
297
329
297
217
348
313
242
324
313
323
313
142
313
313
336
336
336
336
27
237
237
24
280
280
280
1
1
1
95
95
95
279
288
349
361
309
297
138
138
138
317
138
106
138
151
342
271
142
318
364
121
261
321
310
261
38
330
309
279
307
208
261
132
320
110
364
356
345
255
304
298
132
261
320
361
326
324
131
272
299
242
338
338
232
232
232
310
361
236
173
236
236
196
236
69
316
316
351
309
359
338
316
340
223
222
222
187
222
222
222
302
228
307
124
187
349
350
124
248
204
253
255
190
130
287
271
273
307
309
132
271
309
309
261
222
203
107
271
22
187
122
122
257
263
271
6
361
182
180
180
330
288
288
233
182
151
337
156
156
350
356
356
187
169
361
288
356
361
361
301
244
338
350
78
204
204
350
339
330
166
218
205
218
180
344
344
131
238
344
86
13
362
242
95
27
155
231
338
361
186
180
280
180
180
180
119
296
316
287
121
196
306
212
190
190
190
190
319
336
22
220
242
261
260
330
166
166
337
337
337
337
337
277
277
131
324
353
287
94
275
324
192
184
240
194
194
327
352
356
170
121
329
159
291
155
307
340
139
307
307
186
150
313
306
127
127
127
179
66
273
169
281
328
359
275
241
359
197
308
321
268
275
344
169
358
218
343
318
224
328
328
309
132
106
251
288
362
262
188
364
348
267
307
307
131
131
235
307
131
182
247
289
289
289
307
350
307
295
350
350
350
330
319
236
211
186
131
281
131
348
348
348
267
289
326
348
348
348
186
348
333
359
296
326
356
324
248
346
346
356
326
309
294
27
27
326
245
326
27
343
27
238
307
192
327
251
306
278
186
186
186
238
186
186
186
199
277
307
231
231
329
255
206
141
342
231
231
231
259
231
306
360
306
356
306
306
241
238
228
92
344
356
356
150
355
356
356
356
327
121
306
207
218
218
141
309
169
192
304
69
204
296
229
296
296
350
198
350
346
355
306
189
306
345
342
196
287
201
275
185
55
121
55
242
230
166
330
259
259
259
210
259
259
259
141
141
342
132
327
185
229
307
337
337
192
192
246
192
192
192
192
192
352
337
122
182
205
265
217
88
359
88
88
88
88
326
88
364
236
308
308
328
308
208
208
88
208
232
106
106
150
311
88
228
253
230
230
342
223
223
307
307
223
359
173
355
207
207
169
350
100
150
326
230
88
207
207
169
22
351
311
261
130
206
304
314
122
323
150
307
150
224
118
150
311
301
210
356
338
221
348
351
169
185
311
311
311
311
311
327
311
311
326
210
210
348
322
179
358
321
179
311
169
131
321
210
308
307
92
302
277
354
332
270
221
328
237
343
122
343
362
347
343
347
343
204
321
197
342
187
234
218
342
327
187
210
345
208
345
350
345
206
132
188
132
132
235
69
27
302
197
248
88
166
88
338
141
318
27
311
359
27
233
328
141
141
300
343
245
323
323
323
327
327
261
223
223
223
223
325
183
183
338
197
327
197
197
195
195
325
329
352
329
294
319
294
294
261
261
303
327
327
354
354
354
351
351
351
351
351
351
351
107
303
166
166
166
329
166
276
261
107
121
302
268
155
234
325
246
246
242
281
297
156
200
358
309
358
203
217
359
327
39
39
277
188
230
346
346
192
27
212
187
230
27
358
211
27
344
344
92
204
328
107
328
194
167
84
84
327
346
346
346
362
346
346
346
208
346
346
359
359
359
359
345
345
345
345
170
328
318
318
247
224
220
321
280
280
263
263
362
362
362
359
281
311
132
180
132
191
210
201
279
226
281
221
201
201
200
201
201
201
201
201
201
250
257
167
302
233
321
281
227
69
318
302
318
132
169
202
205
69
169
169
303
250
230
329
359
230
309
110
208
230
230
290
230
230
263
263
54
281
193
303
362
288
328
364
364
364
302
302
362
362
362
102
204
191
127
127
127
92
247
127
267
267
364
364
362
263
199
325
325
325
193
302
194
325
288
288
92
197
238
197
197
142
279
238
69
359
328
233
329
167
279
355
151
170
270
326
288
364
364
320
69
69
106
225
225
127
78
225
225
225
225
225
225
225
364
288
338
69
238
246
208
302
72
72
72
72
72
281
210
281
267
319
200
302
248
189
275
328
200
246
329
238
308
250
250
255
69
263
238
69
69
106
352
352
141
352
233
200
200
189
151
296
241
151
227
92
151
354
354
354
354
241
282
266
281
303
303
302
206
238
303
247
358
358
358
358
358
260
358
358
358
296
254
263
263
263
263
263
24
24
24
24
24
193
228
206
355
355
355
132
132
229
232
188
188
34
213
167
167
167
167
275
167
86
86
121
86
169
145
131
223
121
208
247
206
206
206
206
228
353
275
49
353
353
54
202
200
275
208
121
106
191
303
268
121
118
248
246
94
224
308
302
235
308
248
132
248
267
260
267
329
267
92
34
267
121
232
121
121
121
110
93
93
303
110
342
54
54
54
296
296
350
296
281
281
206
206
263
362
362
362
209
204
248
223
84
309
230
230
267
132
267
182
204
204
329
204
204
204
204
220
240
223
223
223
223
194
84
194
196
194
84
92
92
358
263
220
169
188
188
188
200
214
188
351
92
275
328
275
272
121
121
132
200
199
247
275
191
196
251
191
275
326
210
328
339
142
214
90
253
63
296
196
268
299
197
301
329
110
196
289
197
289
200
241
263
208
208
233
120
318
318
326
208
208
290
270
106
106
319
210
235
110
261
289
120
302
248
302
221
209
6
309
208
263
245
281
257
343
209
87
24
247
247
303
155
309
110
329
297
297
106
223
223
224
309
309
196
224
323
218
257
254
110
34
34
223
207
215
215
329
209
209
205
221
221
194
209
194
86
268
183
193
220
209
329
220
251
232
193
222
360
224
201
248
200
186
200
188
220
220
220
330
86
86
86
275
208
214
214
269
267
167
245
253
182
300
258
182
245
339
237
245
220
246
182
263
118
323
128
88
266
153
308
153
153
214
232
260
238
251
120
253
141
227
352
227
142
238
352
155
196
100
196
196
250
250
250
250
250
328
139
182
308
155
308
308
290
196
258
258
90
155
197
197
190
188
36
241
110
254
189
198
289
191
351
189
189
189
72
72
191
196
196
196
196
233
344
247
170
27
200
200
200
200
200
221
224
254
290
290
205
258
353
22
22
118
251
36
36
205
198
260
226
235
329
198
198
224
239
260
270
299
93
239
206
206
314
218
221
221
100
339
228
270
206
308
360
360
72
72
72
72
200
254
168
357
179
349
254
206
194
235
233
206
235
228
245
238
272
268
229
237
155
246
268
254
268
233
275
359
254
250
250
250
290
241
150
241
234
110
293
110
110
110
27
110
268
193
270
6
268
246
301
269
293
293
293
293
249
238
254
110
110
241
323
303
301
254
241
241
241
241
142
359
205
289
207
207
93
5
303
238
287
287
290
270
231
303
303
289
303
303
303
183
86
215
192
289
167
247
247
245
247
245
218
106
247
237
247
272
182
218
290
303
254
351
227
351
275
155
223
217
155
362
255
319
290
246
300
339
257
272
290
139
257
120
235
328
167
118
118
258
120
323
308
308
194
298
191
191
191
191
111
191
297
228
232
229
229
229
229
229
229
224
296
6
241
257
257
167
185
185
185
185
185
248
185
198
198
198
198
155
198
198
198
198
198
198
204
204
204
237
216
216
217
170
216
216
245
216
237
239
239
245
245
268
201
201
201
211
289
217
234
224
224
260
155
233
233
233
245
289
194
328
328
255
245
227
227
227
266
189
277
210
262
262
262
155
155
155
230
233
275
217
217
217
217
217
289
130
236
130
130
130
235
235
245
235
235
227
171
290
215
364
364
266
227
227
241
289
237
227
237
235
300
235
277
300
245
194
194
237
300
194
194
221
237
277
266
184
260
237
237
237
300
253
260
260
290
251
260
236
235
352
236
228
228
228
270
209
246
254
303
245
241
234
234
270
233
217
266
139
194
221
323
167
255
234
255
236
227
300
120
205
120
10
364
237
120
246
253
253
300
266
90
90
339
90
90
268
362
142
300
245
290
277
141
141
251
88
88
88
301
88
171
247
247
247
258
120
320
320
251
251
258
194
194
234
339
234
115
270
301
323
106
258
106
319
111
323
270
267
234
205
205
205
234
234
234
258
262
258
258
258
258
267
205
246
193
255
277
215
215
215
266
215
215
215
257
289
244
329
254
289
270
352
339
279
326
326
260
290
333
256
256
256
256
256
247
287
300
49
209
255
246
260
211
270
217
217
213
213
213
265
339
139
258
246
142
257
228
323
323
139
247
251
262
287
287
287
233
233
233
233
300
300
300
257
193
271
220
251
301
262
128
167
250
250
257
250
250
111
308
281
288
193
193
209
128
128
128
128
259
259
259
259
259
289
289
272
238
209
211
269
266
255
279
255
253
111
255
319
128
257
257
268
255
205
268
268
251
251
279
279
253
279
279
90
352
287
297
277
287
287
287
193
193
193
193
193
193
268
228
253
128
128
128
120
300
257
257
257
320
277
277
248
49
217
224
130
130
90
224
219
219
128
128
128
111
111
266
215
215
128
221
209
319
319
253
257
120
209
209
209
209
209
339
260
211
265
211
265
271
265
198
198
290
268
268
232
251
211
127
127
49
120
272
211
141
211
228
211
251
211
343
339
269
343
343
246
269
343
343
352
271
271
271
224
272
130
184
270
142
183
189
142
106
106
106
106
248
222
222
222
209
209
211
264
211
232
339
232
232
323
252
268
350
339
343
201
344
343
210
192
191
189
190
188
188
190
189
187
211
190
256
190
260
189
189
187
270
270
270
270
49
246
288
253
260
266
266
266
210
210
210
210
210
236
211
211
211
211
90
182
266
266
193
201
228
228
238
49
260
260
238
220
272
220
241
271
271
277
233
272
272
272
272
272
361
170
170
170
210
210
170
170
170
149
220
220
253
272
130
272
272
272
339
339
220
272
251
220
271
271
266
49
253
343
130
269
269
339
339
253
253
236
220
325
269
269
269
269
343
269
269
130
267
269
276
258
258
211
269
269
244
352
352
352
352
352
49
49
339
339
252
252
246
267
343
267
267
331
201
201
287
87
17
31
125
82
20
176
48
171
165
62
353
126
294
97
200
