# Input: ./data/wiki-Vote.txt
# Nodes: 7115    Edges: 100762
# Algoritm: Clauset-Newman-Moore
# Modularity: 0.350042
# Communities: 52
# NId	CommunityId
30	0
1412	0
3	0
28	0
39	0
54	0
108	0
152	0
178	0
182	0
214	0
271	0
286	0
300	0
348	0
349	0
371	0
567	0
581	0
584	0
586	0
590	0
604	0
611	0
8283	0
25	0
6	0
8	0
19	0
23	0
29	0
33	0
35	0
50	0
55	0
75	0
80	0
86	0
94	0
154	0
192	0
224	0
226	0
246	0
252	0
255	0
257	0
261	0
273	0
280	0
282	0
299	0
302	0
306	0
308	0
322	0
325	0
339	0
356	0
358	0
363	0
370	0
373	0
377	0
379	0
415	0
422	0
428	0
439	0
488	0
514	0
545	0
549	0
560	0
592	0
600	0
645	0
650	0
659	0
664	0
667	0
673	0
675	0
696	0
723	0
739	0
756	0
857	0
864	0
893	0
1131	0
3755	0
8282	0
8284	0
4	0
10	0
38	0
56	0
130	0
140	0
151	0
232	0
243	0
341	0
606	0
5	0
61	0
89	0
93	0
153	0
163	0
167	0
168	0
175	0
34	0
132	0
135	0
183	0
216	0
219	0
227	0
228	0
236	0
250	0
258	0
259	0
274	0
301	0
304	0
317	0
319	0
359	0
362	0
378	0
390	0
391	0
392	0
394	0
396	0
402	0
405	0
406	0
421	0
427	0
431	0
433	0
435	0
440	0
447	0
538	0
564	0
566	0
589	0
609	0
613	0
616	0
617	0
619	0
643	0
656	0
665	0
668	0
694	0
700	0
730	0
733	0
741	0
779	0
791	0
798	0
802	0
820	0
863	0
881	0
885	0
895	0
897	0
906	0
932	0
936	0
955	0
963	0
966	0
972	0
979	0
983	0
991	0
995	0
1007	0
1014	0
1022	0
1026	0
1144	0
1156	0
1218	0
1446	0
1464	0
1478	0
1507	0
1513	0
1563	0
1569	0
1573	0
1648	0
2409	0
7	0
32	0
105	0
524	0
1190	0
1193	0
8287	0
36	0
49	0
144	0
150	0
389	0
607	0
622	0
624	0
627	0
628	0
631	0
636	0
637	0
657	0
658	0
674	0
677	0
681	0
687	0
715	0
719	0
725	0
749	0
760	0
806	0
810	0
817	0
822	0
844	0
866	0
868	0
875	0
878	0
882	0
938	0
977	0
1092	0
9	0
517	0
626	0
918	0
1855	0
743	0
746	0
748	0
750	0
15	0
72	0
95	0
334	0
338	0
429	0
644	0
647	0
684	0
705	0
771	0
793	0
829	0
837	0
838	0
839	0
849	0
853	0
929	0
934	0
942	0
945	0
956	0
958	0
985	0
989	0
1080	0
1186	0
1196	0
1260	0
1418	0
8286	0
12	0
663	0
697	0
13	0
14	0
324	0
368	0
477	0
797	0
1053	0
1123	0
8285	0
4658	0
16	0
17	0
18	0
20	0
321	0
981	0
1044	0
8288	0
21	0
794	0
22	0
601	0
670	0
1039	0
742	0
1030	0
1077	0
1023	0
1038	0
4303	0
37	0
40	0
26	0
419	0
41	0
42	0
823	0
43	0
44	0
45	0
46	0
47	0
1300	0
48	0
51	0
52	0
682	0
714	0
1020	0
1432	0
515	0
57	0
58	0
62	0
27	0
63	0
65	0
66	0
73	0
76	0
78	0
1192	0
79	0
930	0
77	0
81	0
83	0
91	0
67	0
84	0
85	0
5421	0
71	0
87	0
88	0
1270	0
90	0
92	0
82	0
96	0
100	0
98	0
31	0
102	0
1232	0
103	0
5503	0
115	0
116	0
104	0
106	0
117	0
118	0
119	0
107	0
110	0
111	0
120	0
112	0
121	0
113	0
123	0
124	0
114	0
126	0
129	0
133	0
134	0
136	0
6997	0
137	0
138	0
139	0
141	0
142	0
143	0
145	0
1141	0
149	0
156	0
157	0
158	0
159	0
160	0
161	0
1240	0
162	0
165	0
174	0
74	0
177	0
179	0
181	0
166	0
185	0
194	0
187	0
189	0
196	0
190	0
197	0
195	0
198	0
199	0
191	0
200	0
201	0
202	0
205	0
206	0
207	0
208	0
209	0
210	0
125	0
217	0
221	0
223	0
225	0
240	0
242	0
244	0
245	0
247	0
231	0
233	0
234	0
235	0
237	0
248	0
238	0
239	0
169	0
253	0
254	0
1287	0
256	0
260	0
263	0
264	0
265	0
267	0
268	0
269	0
276	0
277	0
241	0
283	0
284	0
287	0
288	0
289	0
294	0
292	0
293	0
295	0
296	0
297	0
249	0
303	0
1833	0
903	0
1277	0
307	0
320	0
309	0
312	0
315	0
316	0
305	0
318	0
6110	0
329	0
330	0
323	0
326	0
331	0
327	0
251	0
328	0
333	0
335	0
336	0
337	0
340	0
342	0
343	0
344	0
345	0
351	0
355	0
352	0
353	0
357	0
193	0
364	0
365	0
366	0
369	0
367	0
374	0
375	0
376	0
386	0
381	0
382	0
387	0
101	0
384	0
393	0
397	0
399	0
400	0
401	0
408	0
409	0
410	0
411	0
413	0
414	0
416	0
418	0
423	0
424	0
426	0
430	0
618	0
436	0
437	0
438	0
441	0
443	0
444	0
451	0
448	0
446	0
450	0
211	0
453	0
454	0
455	0
456	0
5631	0
458	0
460	0
461	0
462	0
463	0
467	0
468	0
164	0
472	0
476	0
479	0
480	0
481	0
486	0
473	0
489	0
490	0
492	0
493	0
494	0
497	0
498	0
499	0
501	0
502	0
504	0
513	0
511	0
509	0
516	0
519	0
520	0
522	0
523	0
445	0
527	0
528	0
531	0
530	0
529	0
536	0
539	0
540	0
541	0
542	0
543	0
544	0
551	0
218	0
547	0
548	0
550	0
552	0
553	0
555	0
556	0
557	0
558	0
561	0
562	0
563	0
565	0
568	0
569	0
570	0
571	0
573	0
574	0
576	0
577	0
578	0
583	0
585	0
591	0
595	0
593	0
596	0
594	0
597	0
598	0
599	0
602	0
605	0
610	0
612	0
614	0
615	0
495	0
620	0
8289	0
621	0
625	0
632	0
638	0
640	0
641	0
642	0
648	0
649	0
651	0
655	0
652	0
653	0
654	0
661	0
662	0
666	0
639	0
669	0
672	0
676	0
678	0
683	0
688	0
692	0
693	0
699	0
703	0
709	0
711	0
716	0
718	0
720	0
721	0
724	0
726	0
728	0
729	0
731	0
732	0
738	0
734	0
735	0
745	0
751	0
754	0
752	0
753	0
755	0
758	0
759	0
767	0
768	0
770	0
772	0
773	0
774	0
736	0
775	0
776	0
786	0
788	0
780	0
782	0
792	0
796	0
799	0
800	0
801	0
807	0
808	0
811	0
812	0
814	0
815	0
816	0
819	0
821	0
818	0
824	0
830	0
832	0
835	0
843	0
845	0
847	0
848	0
851	0
855	0
860	0
862	0
865	0
867	0
869	0
874	0
876	0
877	0
880	0
883	0
886	0
888	0
889	0
890	0
891	0
892	0
469	0
898	0
900	0
1323	0
902	0
905	0
909	0
910	0
911	0
912	0
914	0
923	0
916	0
917	0
919	0
921	0
924	0
927	0
926	0
931	0
940	0
944	0
949	0
951	0
957	0
965	0
962	0
964	0
969	0
970	0
973	0
976	0
980	0
984	0
987	0
990	0
992	0
1008	0
1013	0
1016	0
1017	0
1019	0
1021	0
1025	0
1027	0
1028	0
1033	0
1040	0
1052	0
1067	0
1065	0
1066	0
1070	0
1071	0
1072	0
1084	0
1078	0
1079	0
1081	0
1083	0
1085	0
1086	0
1089	0
1087	0
1088	0
1093	0
1094	0
1095	0
1096	0
1099	0
1104	0
1105	0
1106	0
1101	0
1107	0
1108	0
1109	0
1110	0
1112	0
1113	0
1115	0
1120	0
1126	0
1130	0
1134	0
1145	0
1146	0
1147	0
1155	0
1158	0
1161	0
1177	0
1178	0
1179	0
1170	0
1180	0
1171	0
1090	0
1172	0
1173	0
1174	0
1175	0
1182	0
1176	0
1187	0
1188	0
1189	0
1194	0
1195	0
1235	0
1237	0
1272	0
1273	0
1274	0
1275	0
1276	0
1280	0
1292	0
1294	0
1295	0
1299	0
1301	0
1302	0
1303	0
1304	0
1309	0
1313	0
1311	0
1312	0
1320	0
1327	0
1328	0
1325	0
1329	0
1331	0
1332	0
1334	0
1336	0
1337	0
1338	0
1340	0
1343	0
1344	0
1345	0
1346	0
1349	0
1351	0
1359	0
1355	0
1361	0
1362	0
1358	0
1369	0
1370	0
1404	0
1405	0
1406	0
1408	0
1409	0
1410	0
1423	0
1429	0
1436	0
1443	0
1445	0
1454	0
1455	0
1456	0
1458	0
1459	0
1460	0
1461	0
1581	0
1503	0
1512	0
1540	0
1541	0
1543	0
1545	0
1546	0
1558	0
1559	0
1560	0
1568	0
1572	0
1576	0
1634	0
1635	0
1645	0
1696	0
679	0
1830	0
1831	0
1840	0
1923	0
1924	0
1890	0
1926	0
1929	0
1930	0
1932	0
1933	0
1938	0
1934	0
1939	0
1940	0
1968	0
2005	0
2008	0
2040	0
2012	0
2013	0
2015	0
2017	0
2019	0
2020	0
2021	0
2023	0
2024	0
2025	0
2026	0
2027	0
2045	0
2029	0
2030	0
2031	0
2032	0
2034	0
2035	0
2127	0
2142	0
2161	0
2296	0
2401	0
2402	0
2518	0
2519	0
2355	0
2520	0
2530	0
2531	0
2521	0
2522	0
2523	0
2534	0
2526	0
2527	0
2528	0
2536	0
2537	0
2538	0
2529	0
2540	0
1181	0
2569	0
2730	0
2731	0
2733	0
2729	0
2734	0
2861	0
2868	0
2869	0
2870	0
2864	0
2865	0
3004	0
3160	0
3259	0
3269	0
1529	0
3930	0
4015	0
4190	0
2841	0
4611	0
4745	0
4856	0
4903	0
4904	0
4906	0
4909	0
4912	0
4914	0
4922	0
4933	0
5536	0
5610	0
5617	0
5666	0
5676	0
5695	0
5698	0
6178	0
6196	0
6197	0
6181	0
6183	0
6184	0
6185	0
6186	0
6187	0
388	0
6188	0
6199	0
6201	0
6203	0
6205	0
6206	0
6191	0
6192	0
6193	0
6996	0
7576	0
7577	0
7581	0
3352	1
127	1
310	1
407	1
706	1
959	1
994	1
147	1
171	1
285	1
290	1
298	1
432	1
579	1
691	1
704	1
717	1
761	1
765	1
789	1
813	1
826	1
871	1
904	1
907	1
913	1
922	1
960	1
971	1
978	1
993	1
1032	1
1035	1
1043	1
1055	1
1062	1
1125	1
1152	1
1160	1
1167	1
1168	1
1220	1
1221	1
1222	1
1234	1
1241	1
1248	1
1253	1
1261	1
1297	1
1321	1
1326	1
1377	1
1389	1
1390	1
1394	1
1396	1
1428	1
1439	1
1441	1
1442	1
1453	1
1465	1
1468	1
1471	1
1472	1
1476	1
1484	1
1485	1
1487	1
1489	1
1490	1
1497	1
1501	1
1506	1
1514	1
1518	1
1524	1
1525	1
1531	1
1532	1
1533	1
1538	1
1549	1
1555	1
1556	1
1557	1
1587	1
1597	1
1610	1
1619	1
1641	1
1652	1
1654	1
1657	1
1662	1
1669	1
1679	1
1689	1
1692	1
1716	1
1718	1
1752	1
1758	1
1768	1
1774	1
1783	1
1787	1
1788	1
1798	1
1861	1
1864	1
2651	1
2843	1
2909	1
3892	1
4942	1
5323	1
8290	1
1425	1
1919	1
506	1
587	1
778	1
559	1
982	1
1049	1
1103	1
1384	1
1580	1
1618	1
1717	1
1966	1
11	1
204	1
230	1
313	1
332	1
350	1
372	1
465	1
575	1
608	1
707	1
710	1
722	1
744	1
762	1
763	1
764	1
803	1
805	1
825	1
836	1
859	1
873	1
887	1
908	1
935	1
937	1
941	1
943	1
946	1
947	1
968	1
975	1
999	1
1000	1
1006	1
1012	1
1018	1
1031	1
1034	1
1061	1
1075	1
1097	1
1111	1
1124	1
1127	1
1128	1
1137	1
1151	1
1154	1
1164	1
1165	1
1185	1
1199	1
1200	1
1201	1
1203	1
1211	1
1230	1
1239	1
1243	1
1250	1
1259	1
1279	1
1282	1
1284	1
1285	1
1286	1
1296	1
1305	1
1307	1
1310	1
1319	1
1322	1
1330	1
1353	1
1360	1
1372	1
1375	1
1378	1
1382	1
1385	1
1402	1
1407	1
1411	1
1413	1
1420	1
1435	1
1437	1
1444	1
1482	1
1486	1
1492	1
1496	1
1520	1
1521	1
1534	1
1547	1
1550	1
1565	1
1566	1
1583	1
1585	1
1592	1
1608	1
1613	1
1621	1
1622	1
1628	1
1629	1
1633	1
1637	1
1638	1
1646	1
1649	1
1653	1
1658	1
1661	1
1672	1
1680	1
1687	1
1688	1
1697	1
1700	1
1706	1
1707	1
1714	1
1726	1
1729	1
1730	1
1732	1
1746	1
1747	1
1749	1
1757	1
1769	1
1771	1
1772	1
1780	1
1791	1
1802	1
1805	1
1811	1
1816	1
1835	1
1836	1
1842	1
1847	1
1848	1
1849	1
1857	1
1858	1
1859	1
1880	1
1884	1
1888	1
1893	1
1901	1
1903	1
1908	1
1920	1
1927	1
1953	1
1956	1
1963	1
1964	1
1965	1
1969	1
1973	1
1977	1
1979	1
1983	1
1985	1
1987	1
1990	1
1991	1
1992	1
1997	1
2004	1
2007	1
2014	1
2055	1
2060	1
2062	1
2066	1
2071	1
2073	1
2076	1
2079	1
2085	1
2091	1
2095	1
2097	1
2101	1
2109	1
2114	1
2117	1
2119	1
2128	1
2134	1
2137	1
2144	1
2145	1
2151	1
2157	1
2168	1
2178	1
2181	1
2182	1
2193	1
2202	1
2205	1
2206	1
2210	1
2237	1
2240	1
2241	1
2246	1
2252	1
2253	1
2257	1
2289	1
2294	1
2328	1
2329	1
2332	1
2333	1
2339	1
2341	1
2345	1
2350	1
2362	1
2364	1
2381	1
2384	1
2385	1
2397	1
2400	1
2410	1
2411	1
2426	1
2435	1
2456	1
2475	1
2479	1
2484	1
2485	1
2499	1
2504	1
2506	1
2508	1
2517	1
2535	1
2544	1
2565	1
2570	1
2575	1
2579	1
2580	1
2585	1
2587	1
2593	1
2595	1
2604	1
2612	1
2619	1
2625	1
2643	1
2646	1
2653	1
2655	1
2657	1
2665	1
2669	1
2685	1
2686	1
2696	1
2720	1
2727	1
2746	1
2754	1
2760	1
2763	1
2775	1
2777	1
2787	1
2794	1
2811	1
2859	1
2871	1
2900	1
2923	1
2932	1
2958	1
2981	1
3002	1
3005	1
3007	1
3010	1
3014	1
3024	1
3026	1
3028	1
3034	1
3059	1
3073	1
3084	1
3092	1
3114	1
3117	1
3125	1
3136	1
3140	1
3144	1
3180	1
3192	1
3258	1
3260	1
3284	1
3291	1
3309	1
3321	1
3334	1
3394	1
3404	1
3433	1
3439	1
3443	1
3447	1
3452	1
3453	1
3454	1
3458	1
3463	1
3464	1
3480	1
3529	1
3537	1
3557	1
3562	1
3568	1
3607	1
3615	1
3631	1
3635	1
3645	1
3650	1
3660	1
3661	1
3680	1
3748	1
3787	1
3800	1
3806	1
3807	1
3812	1
3843	1
3847	1
3871	1
3903	1
3926	1
3937	1
3956	1
3958	1
3967	1
3970	1
4011	1
4013	1
4021	1
4024	1
4040	1
4043	1
4044	1
4055	1
4058	1
4065	1
4072	1
4088	1
4103	1
4124	1
4162	1
4179	1
4201	1
4212	1
4231	1
4247	1
4256	1
4261	1
4263	1
4266	1
4269	1
4289	1
4290	1
4297	1
4299	1
4335	1
4384	1
4417	1
4422	1
4424	1
4463	1
4485	1
4510	1
4528	1
4531	1
4547	1
4578	1
4613	1
4661	1
4662	1
4706	1
4719	1
4796	1
4808	1
4811	1
4814	1
4820	1
4827	1
4938	1
4962	1
5026	1
5055	1
5073	1
5092	1
5100	1
5106	1
5130	1
5132	1
5144	1
8291	1
8293	1
2708	1
3371	1
4233	1
2016	1
417	1
974	1
2229	1
2398	1
8292	1
861	1
1352	1
1604	1
2165	1
2281	1
2324	1
2348	1
2693	1
2828	1
2877	1
3456	1
3516	1
3614	1
4373	1
2814	1
1029	1
1593	1
24	1
311	1
633	1
769	1
856	1
1100	1
1267	1
1315	1
1357	1
1416	1
1419	1
1473	1
1705	1
1723	1
1734	1
1754	1
1781	1
1808	1
1814	1
1837	1
2209	1
2225	1
2264	1
2323	1
2354	1
2371	1
2375	1
2516	1
2542	1
2560	1
2660	1
2667	1
2697	1
2707	1
2815	1
2819	1
2822	1
2830	1
2922	1
2926	1
2955	1
2963	1
2999	1
3018	1
3089	1
3164	1
3351	1
3408	1
3410	1
3473	1
3643	1
3854	1
3898	1
4349	1
4953	1
4999	1
5412	1
2801	1
1166	1
2120	1
2135	1
2297	1
2594	1
2599	1
2689	1
2831	1
2834	1
3150	1
3274	1
3489	1
5459	1
3976	1
4735	1
1024	1
2652	1
3813	1
3435	1
3506	1
1236	1
1564	1
1603	1
3720	1
3803	1
3946	1
4189	1
8294	1
53	1
1744	1
3276	1
3646	1
3717	1
4183	1
4191	1
4235	1
4389	1
784	1
795	1
2211	1
59	1
928	1
1595	1
1918	1
2174	1
2547	1
2550	1
2724	1
2946	1
2966	1
2972	1
2977	1
2979	1
60	1
2917	1
4400	1
4448	1
64	1
2799	1
4588	1
3479	1
4098	1
1157	1
2576	1
2809	1
3050	1
3576	1
3681	1
5449	1
1636	1
1915	1
2106	1
3804	1
4780	1
5058	1
2053	1
2256	1
2623	1
2790	1
3460	1
3912	1
4078	1
4110	1
4332	1
4453	1
2991	1
3921	1
3974	1
1596	1
2589	1
3033	1
68	1
1792	1
2072	1
2102	1
2307	1
2325	1
2338	1
2597	1
2618	1
2654	1
2912	1
2951	1
2973	1
3021	1
3056	1
3145	1
3307	1
3313	1
3376	1
3691	1
3816	1
3949	1
3980	1
4051	1
4111	1
4211	1
4351	1
4584	1
4587	1
4631	1
4896	1
5245	1
5848	1
4401	1
4441	1
122	1
403	1
1247	1
1291	1
1393	1
1777	1
1984	1
2322	1
2474	1
2700	1
2747	1
2768	1
2805	1
2968	1
3029	1
3106	1
3148	1
3173	1
3251	1
3253	1
3520	1
3541	1
3580	1
3587	1
3772	1
3776	1
3887	1
4117	1
4365	1
686	1
346	1
2290	1
2687	1
2928	1
3009	1
3265	1
3549	1
3567	1
3769	1
4234	1
128	1
1950	1
2069	1
2340	1
2366	1
2386	1
3126	1
4412	1
1678	1
1955	1
146	1
1140	1
1114	1
3429	1
172	1
1571	1
1972	1
2356	1
2510	1
2662	1
3020	1
3030	1
3099	1
3243	1
3338	1
3670	1
173	1
314	1
948	1
1537	1
176	1
1799	1
4646	1
180	1
1935	1
188	1
2713	1
2721	1
203	1
3835	1
215	1
2195	1
2234	1
2242	1
2378	1
2736	1
222	1
1793	1
2838	1
2770	1
5222	1
827	1
5083	1
266	1
270	1
275	1
2844	1
291	1
2326	1
3455	1
4466	1
4776	1
5793	1
3724	1
4557	1
4138	1
2121	1
3417	1
3664	1
4471	1
4482	1
5239	1
2425	1
2605	1
2672	1
2918	1
2940	1
3068	1
3969	1
4650	1
2592	1
2629	1
3547	1
3796	1
4551	1
4954	1
5075	1
4403	1
1266	1
2163	1
2670	1
2501	1
2251	1
2416	1
3104	1
3446	1
3483	1
3971	1
4822	1
383	1
2674	1
404	1
2433	1
2617	1
3130	1
2231	1
2880	1
412	1
449	1
3548	1
4402	1
1600	1
2818	1
2996	1
3200	1
3324	1
3409	1
3849	1
3911	1
3922	1
4173	1
4315	1
4621	1
4797	1
4831	1
5204	1
5305	1
3939	1
3942	1
507	1
521	1
534	1
546	1
3811	1
4199	1
572	1
582	1
4562	1
4605	1
4728	1
588	1
634	1
4323	1
646	1
635	1
3082	1
3256	1
1961	1
4480	1
4049	1
689	1
690	1
695	1
4639	1
701	1
1819	1
708	1
2993	1
3671	1
712	1
713	1
2571	1
2591	1
2607	1
2647	1
2797	1
2821	1
2825	1
2856	1
2902	1
3255	1
3609	1
727	1
3842	1
4298	1
4385	1
4386	1
2116	1
766	1
1971	1
2507	1
2658	1
3103	1
3271	1
3319	1
3320	1
3486	1
3555	1
3616	1
3856	1
4219	1
4500	1
4529	1
4583	1
5033	1
781	1
783	1
4355	1
5120	1
5470	1
785	1
804	1
3875	1
4181	1
3465	1
1970	1
2638	1
3105	1
3235	1
3822	1
3908	1
4030	1
4678	1
4783	1
5740	1
831	1
841	1
3914	1
842	1
854	1
1770	1
4014	1
852	1
870	1
2990	1
3023	1
879	1
3745	1
4359	1
2751	1
915	1
920	1
787	1
2083	1
3629	1
954	1
961	1
933	1
3205	1
986	1
988	1
2974	1
3538	1
3825	1
3888	1
996	1
998	1
1005	1
1001	1
1002	1
1011	1
3301	1
1009	1
1037	1
4127	1
4468	1
1042	1
1045	1
1046	1
1047	1
1048	1
1050	1
1051	1
1058	1
1060	1
1064	1
872	1
1082	1
3155	1
2650	1
2781	1
1102	1
1129	1
1133	1
2129	1
4047	1
4188	1
4254	1
4311	1
4331	1
4558	1
4620	1
4648	1
4677	1
4946	1
5043	1
5044	1
1135	1
1664	1
1138	1
1139	1
1142	1
1143	1
1068	1
1148	1
1150	1
3266	1
3893	1
1169	1
1183	1
3193	1
1197	1
1198	1
3138	1
1202	1
1204	1
1205	1
1206	1
1208	1
1209	1
1210	1
1212	1
1213	1
1214	1
1215	1
1216	1
1219	1
1223	1
1224	1
1225	1
1226	1
1227	1
1228	1
1229	1
1231	1
1233	1
1238	1
1242	1
1245	1
1246	1
3171	1
1252	1
1254	1
1255	1
1256	1
1257	1
1258	1
1262	1
1264	1
1268	1
1269	1
1271	1
1278	1
1281	1
1290	1
1293	1
1298	1
3461	1
3973	1
4993	1
1306	1
3867	1
1308	1
1314	1
1316	1
1317	1
1318	1
3237	1
1324	1
1333	1
1335	1
1339	1
1350	1
1354	1
1356	1
1366	1
1367	1
1368	1
3785	1
1373	1
1376	1
1379	1
1380	1
1381	1
1383	1
1386	1
1387	1
1388	1
1391	1
1392	1
1395	1
1397	1
1398	1
1399	1
1400	1
1421	1
1422	1
1424	1
1426	1
1427	1
2679	1
3080	1
1430	1
1431	1
1433	1
1434	1
1184	1
4809	1
1438	1
1440	1
1447	1
1448	1
1449	1
1450	1
1451	1
1452	1
1457	1
1462	1
1463	1
1466	1
1467	1
1469	1
1470	1
3285	1
1474	1
1480	1
1481	1
1483	1
1488	1
1494	1
1495	1
4411	1
1499	1
1500	1
1502	1
1504	1
1505	1
1511	1
1510	1
1515	1
1516	1
1517	1
1519	1
1522	1
4012	1
1523	1
1527	1
1526	1
1528	1
1535	1
1536	1
2423	1
5115	1
1552	1
1553	1
2233	1
3880	1
4272	1
5312	1
1551	1
3933	1
1570	1
1574	1
1575	1
1578	1
1579	1
1582	1
1584	1
1588	1
1589	1
1590	1
1591	1
1594	1
1599	1
1601	1
1602	1
1605	1
1606	1
1607	1
1609	1
1611	1
1614	1
1615	1
1616	1
1617	1
1620	1
1623	1
1625	1
1627	1
1626	1
1630	1
1631	1
1632	1
1639	1
1642	1
1643	1
1644	1
1650	1
1651	1
1655	1
1656	1
4580	1
1659	1
1660	1
1663	1
1665	1
1666	1
1668	1
1670	1
1671	1
1647	1
1675	1
1676	1
1677	1
4654	1
1681	1
1682	1
1683	1
1685	1
1684	1
1686	1
1690	1
1691	1
1693	1
1711	1
1703	1
1704	1
1708	1
1709	1
1710	1
1712	1
1713	1
1715	1
1719	1
1721	1
1724	1
1725	1
1728	1
1731	1
1735	1
1736	1
1740	1
1738	1
1739	1
1741	1
1742	1
1743	1
1745	1
1748	1
4815	1
1753	1
1755	1
1756	1
1760	1
1761	1
1763	1
1764	1
1765	1
1766	1
1767	1
2678	1
2798	1
3999	1
1759	1
1773	1
1775	1
1778	1
1782	1
1751	1
1784	1
1785	1
1789	1
1790	1
1795	1
1797	1
1800	1
1803	1
1804	1
1806	1
1807	1
2645	1
5271	1
1809	1
1810	1
1812	1
1813	1
4552	1
5146	1
1820	1
1821	1
3669	1
1822	1
1825	1
1826	1
1827	1
347	1
1828	1
1829	1
1838	1
1832	1
1834	1
1839	1
1841	1
1844	1
1845	1
1846	1
1852	1
1853	1
1856	1
1860	1
1862	1
1866	1
1868	1
1869	1
1870	1
1875	1
1871	1
1872	1
1876	1
1873	1
1881	1
1882	1
1883	1
1885	1
1886	1
1887	1
1889	1
1891	1
1892	1
1894	1
1895	1
1896	1
1897	1
1899	1
1900	1
1902	1
1905	1
1906	1
1907	1
1909	1
1911	1
1912	1
1913	1
1916	1
1917	1
1921	1
1922	1
3201	1
1925	1
1928	1
1931	1
1941	1
1944	1
1945	1
1946	1
1947	1
4031	1
1948	1
1951	1
1958	1
1959	1
1960	1
1962	1
1967	1
1975	1
1976	1
1978	1
1952	1
1980	1
1981	1
1986	1
1988	1
1989	1
1993	1
1994	1
1995	1
1996	1
1794	1
2000	1
2002	1
2009	1
698	1
4216	1
2038	1
2049	1
2050	1
2051	1
2052	1
2054	1
2056	1
2057	1
2058	1
2061	1
2063	1
2064	1
2065	1
2068	1
2070	1
2077	1
2081	1
2082	1
2086	1
2087	1
2089	1
2090	1
2093	1
2422	1
2100	1
2099	1
2104	1
2103	1
2105	1
2108	1
2110	1
2111	1
2115	1
2118	1
2125	1
2126	1
2130	1
2131	1
2132	1
2133	1
2136	1
2138	1
2139	1
2141	1
2143	1
4218	1
2146	1
2147	1
2148	1
2149	1
2150	1
2152	1
2156	1
2155	1
2159	1
2164	1
2167	1
2169	1
2170	1
2171	1
2172	1
2173	1
2175	1
2176	1
2177	1
2179	1
2180	1
2186	1
2187	1
2189	1
2190	1
2191	1
2194	1
2196	1
2199	1
2200	1
2201	1
2203	1
2204	1
2212	1
2213	1
2214	1
2215	1
2216	1
2217	1
2218	1
2219	1
2221	1
2222	1
2224	1
2226	1
2227	1
2228	1
2230	1
3623	1
2232	1
2235	1
2236	1
2238	1
2239	1
2041	1
2243	1
2250	1
2254	1
2255	1
3737	1
2259	1
2260	1
2261	1
2262	1
2153	1
2266	1
2274	1
2280	1
2286	1
2287	1
3556	1
2288	1
4876	1
2291	1
2292	1
2265	1
2293	1
2298	1
2299	1
2300	1
2301	1
2302	1
1561	1
2334	1
2335	1
2336	1
2337	1
2343	1
2344	1
2349	1
2351	1
2352	1
2353	1
2272	1
2357	1
2359	1
2360	1
2361	1
2363	1
2365	1
2367	1
2368	1
5303	1
2370	1
2372	1
2374	1
2379	1
2380	1
2382	1
2388	1
2389	1
2390	1
2392	1
2391	1
2394	1
2395	1
2396	1
2393	1
2399	1
2403	1
2404	1
2405	1
2406	1
2407	1
2306	1
2412	1
2413	1
2414	1
2417	1
2418	1
2424	1
2428	1
2429	1
2427	1
2434	1
2471	1
2472	1
2473	1
2476	1
2477	1
2478	1
2482	1
2487	1
2488	1
2491	1
2492	1
2494	1
2495	1
2496	1
2497	1
2500	1
2502	1
2503	1
2505	1
2509	1
2512	1
2514	1
2513	1
2515	1
2541	1
2543	1
2498	1
2546	1
2548	1
2549	1
2551	1
899	1
2555	1
2556	1
2566	1
2557	1
4220	1
2469	1
2567	1
2558	1
2559	1
2561	1
2563	1
2564	1
4778	1
5364	1
2572	1
2573	1
2574	1
2577	1
2578	1
2581	1
2582	1
2583	1
2584	1
2586	1
2596	1
2598	1
2603	1
2606	1
2608	1
2609	1
2610	1
2611	1
2613	1
2614	1
2615	1
2616	1
6279	1
2627	1
2626	1
2630	1
2631	1
2632	1
2633	1
1863	1
2634	1
2635	1
2636	1
2637	1
2639	1
2640	1
2641	1
2642	1
2644	1
2628	1
2648	1
2649	1
2656	1
2659	1
2661	1
2663	1
2664	1
2668	1
2671	1
2673	1
2675	1
2676	1
2682	1
2683	1
2684	1
2699	1
2701	1
2702	1
2703	1
2688	1
2704	1
2690	1
2691	1
2692	1
2705	1
2706	1
2694	1
2695	1
2698	1
2709	1
2711	1
2715	1
2716	1
2717	1
2718	1
2719	1
2722	1
2723	1
2725	1
2728	1
2737	1
2740	1
2741	1
2748	1
2749	1
2752	1
2753	1
2755	1
2757	1
2759	1
2761	1
2762	1
2766	1
2767	1
2771	1
2769	1
2772	1
2773	1
2776	1
2778	1
2779	1
2780	1
2786	1
2788	1
2789	1
3036	1
2791	1
2792	1
2796	1
2803	1
2804	1
2807	1
2808	1
2813	1
2817	1
2823	1
3109	1
2824	1
2826	1
2758	1
2827	1
2832	1
4264	1
2833	1
2835	1
2840	1
2845	1
2846	1
2847	1
2848	1
2849	1
2850	1
2852	1
2853	1
2857	1
2858	1
4171	1
2860	1
2872	1
2875	1
2876	1
2879	1
2881	1
2882	1
2883	1
4068	1
2884	1
2885	1
2898	1
2901	1
2899	1
2903	1
2904	1
2913	1
2916	1
2919	1
2921	1
2924	1
2929	1
2930	1
2933	1
2935	1
2939	1
2938	1
2941	1
2936	1
2944	1
2945	1
2947	1
2948	1
2949	1
2950	1
2952	1
2953	1
2954	1
2957	1
2960	1
2961	1
2962	1
2964	1
2965	1
2967	1
4987	1
2971	1
2969	1
2970	1
2978	1
2980	1
2982	1
2985	1
2986	1
2987	1
2988	1
2989	1
2992	1
2994	1
2995	1
2998	1
3001	1
3008	1
3003	1
3006	1
3011	1
3012	1
3013	1
3016	1
3017	1
3019	1
3363	1
3022	1
3025	1
4684	1
4779	1
4887	1
5267	1
5350	1
3031	1
3032	1
3035	1
3037	1
3038	1
3039	1
3040	1
3041	1
3042	1
3043	1
3044	1
3048	1
3049	1
3046	1
3051	1
3052	1
3053	1
3054	1
3055	1
3057	1
3047	1
3060	1
3061	1
3062	1
2976	1
3066	1
3070	1
3071	1
3072	1
3074	1
3075	1
3076	1
3077	1
3078	1
3081	1
3083	1
3085	1
3086	1
3087	1
3091	1
3093	1
3094	1
3097	1
3098	1
3095	1
3096	1
3101	1
3102	1
3107	1
2842	1
3617	1
3108	1
8227	1
3110	1
3111	1
3112	1
3113	1
2003	1
3115	1
3118	1
3119	1
3120	1
3123	1
3124	1
3127	1
3128	1
3129	1
3131	1
3132	1
3135	1
3133	1
3134	1
3137	1
3143	1
3146	1
3147	1
3149	1
3151	1
3152	1
3153	1
3154	1
3156	1
3158	1
3159	1
3162	1
3163	1
3165	1
3166	1
3167	1
3169	1
3168	1
3172	1
3174	1
3175	1
3181	1
3190	1
3182	1
3183	1
3184	1
3185	1
3186	1
3187	1
3188	1
3189	1
3196	1
3197	1
3198	1
3199	1
3202	1
3203	1
3204	1
3206	1
3207	1
3208	1
3209	1
3212	1
3213	1
3215	1
3214	1
3216	1
3217	1
532	1
3219	1
3220	1
3221	1
1509	1
3211	1
3218	1
3222	1
3223	1
3224	1
3225	1
3226	1
3228	1
3229	1
3230	1
3231	1
3232	1
3234	1
3239	1
3240	1
3241	1
3242	1
3246	1
3248	1
3249	1
3250	1
3252	1
3257	1
3263	1
3264	1
3261	1
3262	1
3267	1
3268	1
212	1
2624	1
3272	1
3280	1
3281	1
3273	1
3275	1
3277	1
3278	1
3279	1
3288	1
3292	1
3294	1
3296	1
3298	1
3299	1
3300	1
3302	1
3303	1
3304	1
3305	1
3311	1
3312	1
3282	1
3314	1
3315	1
3290	1
3318	1
3316	1
3317	1
3322	1
3323	1
3325	1
3326	1
3335	1
3331	1
3332	1
3333	1
3339	1
3341	1
3342	1
3343	1
3344	1
3349	1
3350	1
3353	1
3306	1
3368	1
3369	1
3370	1
3366	1
3367	1
3373	1
3374	1
3375	1
3377	1
3378	1
3379	1
3380	1
3382	1
3383	1
3384	1
3385	1
3388	1
3391	1
3392	1
3395	1
3396	1
3397	1
3398	1
3399	1
3400	1
3401	1
3403	1
3402	1
3592	1
3405	1
3390	1
5388	1
3407	1
3406	1
3411	1
3412	1
3422	1
3423	1
3416	1
3424	1
3418	1
3426	1
3434	1
3436	1
3437	1
3440	1
3441	1
3438	1
3444	1
3445	1
3448	1
3449	1
3450	1
3451	1
4880	1
3457	1
3462	1
3466	1
3467	1
3468	1
3469	1
3470	1
3472	1
3475	1
3481	1
3482	1
3477	1
3487	1
3488	1
3493	1
3490	1
3494	1
3427	1
3496	1
2524	1
3497	1
3500	1
3504	1
3509	1
3510	1
3515	1
3511	1
3512	1
3513	1
3514	1
3518	1
3519	1
3521	1
3522	1
3523	1
3524	1
3525	1
3526	1
3527	1
3386	1
3530	1
3531	1
3532	1
3536	1
3539	1
3540	1
3542	1
3543	1
3508	1
3544	1
3550	1
3551	1
3552	1
3553	1
3558	1
3560	1
4481	1
3561	1
3564	1
3565	1
3566	1
3569	1
3577	1
3579	1
7708	1
3581	1
3582	1
3583	1
3584	1
3589	1
3528	1
3591	1
3590	1
3598	1
3595	1
3599	1
3601	1
3596	1
3597	1
3602	1
3603	1
3605	1
3606	1
3610	1
3611	1
3613	1
3618	1
3619	1
3620	1
3621	1
3622	1
3624	1
3625	1
3604	1
3628	1
3630	1
3632	1
3633	1
3636	1
3637	1
3638	1
3639	1
3640	1
3641	1
3649	1
3647	1
3651	1
3652	1
3654	1
3653	1
3655	1
3656	1
3657	1
3658	1
3659	1
3663	1
3666	1
3667	1
3668	1
3673	1
3674	1
3675	1
3676	1
3677	1
3678	1
3682	1
3684	1
3685	1
3686	1
3687	1
3688	1
3689	1
3690	1
3832	1
3693	1
3694	1
3695	1
3696	1
3697	1
3698	1
3702	1
3703	1
3704	1
3705	1
3706	1
3707	1
3709	1
3714	1
3715	1
3718	1
3719	1
3733	1
3725	1
3727	1
3728	1
3729	1
3735	1
3730	1
3731	1
3742	1
3743	1
3744	1
3746	1
3750	1
3753	1
3754	1
3757	1
3758	1
3759	1
3760	1
3761	1
3762	1
3763	1
3765	1
3766	1
3767	1
3771	1
3774	1
3775	1
3777	1
4413	1
3779	1
3780	1
3781	1
3782	1
3784	1
3783	1
2975	1
3791	1
3794	1
3798	1
3799	1
3801	1
3802	1
3805	1
3810	1
3814	1
3815	1
3817	1
3823	1
3824	1
3827	1
3829	1
3821	1
3833	1
3834	1
3836	1
3837	1
3841	1
3839	1
3840	1
3844	1
3848	1
3850	1
3851	1
3855	1
3858	1
3862	1
3863	1
3864	1
3865	1
3869	1
3870	1
3872	1
3648	1
3876	1
3878	1
3881	1
3882	1
3883	1
3886	1
3891	1
3894	1
3895	1
3896	1
3901	1
3902	1
3904	1
3905	1
3906	1
3907	1
3909	1
3917	1
3918	1
3920	1
3923	1
3924	1
3927	1
3928	1
3931	1
3935	1
3936	1
3941	1
3943	1
3944	1
3947	1
3945	1
3948	1
3952	1
3953	1
3954	1
3955	1
3959	1
3961	1
3964	1
3963	1
3966	1
3957	1
3968	1
6257	1
3977	1
3979	1
3981	1
3987	1
3990	1
3985	1
3986	1
3991	1
3992	1
3997	1
3998	1
4000	1
4001	1
4005	1
4006	1
4007	1
4008	1
4010	1
4016	1
4019	1
4020	1
4023	1
4025	1
4026	1
4027	1
4028	1
4034	1
4035	1
4038	1
4039	1
4042	1
4045	1
4521	1
4048	1
4050	1
4053	1
4056	1
4057	1
4059	1
4061	1
4062	1
4063	1
4077	1
4064	1
4066	1
4067	1
4069	1
4079	1
4070	1
4073	1
5274	1
4074	1
4075	1
4080	1
4083	1
4089	1
4090	1
4091	1
4092	1
4095	1
4096	1
4097	1
4100	1
4108	1
4104	1
4105	1
4109	1
4106	1
4107	1
4119	1
4120	1
4121	1
4076	1
4122	1
4123	1
4125	1
4128	1
4131	1
4132	1
4133	1
4135	1
4136	1
4137	1
4139	1
4141	1
4142	1
4143	1
4146	1
4147	1
4148	1
4149	1
4150	1
4151	1
4152	1
4153	1
4154	1
4159	1
4163	1
4165	1
4166	1
4155	1
4170	1
4174	1
4176	1
4177	1
4178	1
4180	1
3819	1
4184	1
4185	1
4186	1
4194	1
4195	1
4197	1
4198	1
4207	1
4208	1
4202	1
4203	1
4204	1
4209	1
4210	1
4206	1
5362	1
4215	1
4213	1
4214	1
4217	1
4222	1
4223	1
4224	1
4225	1
4228	1
4093	1
4238	1
4240	1
4243	1
4244	1
4241	1
4242	1
4245	1
4246	1
4248	1
4249	1
4250	1
4251	1
4252	1
4229	1
4255	1
4259	1
4260	1
4267	1
4275	1
4273	1
213	1
4277	1
4274	1
4278	1
4279	1
4280	1
4282	1
4283	1
4284	1
4285	1
4292	1
4295	1
4296	1
4304	1
4305	1
4306	1
4307	1
4312	1
4313	1
4316	1
4317	1
4318	1
4320	1
4321	1
4324	1
4325	1
4327	1
4328	1
4329	1
4333	1
4334	1
4336	1
4337	1
4346	1
4340	1
4342	1
4344	1
4348	1
4352	1
4354	1
4357	1
4358	1
4360	1
4362	1
4363	1
2028	1
4368	1
4371	1
4370	1
4372	1
4375	1
4377	1
4378	1
4379	1
4380	1
4381	1
4382	1
4393	1
4394	1
4399	1
4322	1
4396	1
4397	1
4398	1
4404	1
4408	1
4405	1
4414	1
4415	1
4423	1
4427	1
4428	1
4429	1
4430	1
4431	1
4433	1
4434	1
4436	1
4438	1
4439	1
4440	1
4442	1
4444	1
4445	1
4446	1
4449	1
4452	1
4450	1
4454	1
4457	1
4458	1
4459	1
4460	1
4461	1
2047	1
4462	1
4464	1
4465	1
4467	1
4469	1
4470	1
4473	1
4474	1
4477	1
4478	1
4475	1
4479	1
4493	1
4494	1
4495	1
4490	1
4496	1
4491	1
4497	1
4504	1
4502	1
4503	1
4492	1
4508	1
4509	1
4511	1
4498	1
4516	1
4523	1
4533	1
4535	1
4538	1
4545	1
4553	1
4554	1
4555	1
4556	1
4563	1
4564	1
4565	1
4566	1
4567	1
4568	1
4569	1
4575	1
4577	1
4581	1
4582	1
4586	1
4593	1
4594	1
4595	1
4596	1
4597	1
4599	1
4601	1
4603	1
4608	1
4607	1
4609	1
4612	1
4615	1
4617	1
4618	1
4619	1
4622	1
4623	1
4629	1
4626	1
4627	1
4633	1
4636	1
4638	1
4641	1
4644	1
4649	1
4651	1
4655	1
4635	1
4659	1
4660	1
4663	1
4664	1
4647	1
4665	1
4681	1
4683	1
4682	1
4688	1
4692	1
4694	1
4695	1
4696	1
4697	1
4698	1
4699	1
4700	1
4701	1
4702	1
4703	1
4704	1
4705	1
4707	1
4708	1
4710	1
4711	1
4716	1
4718	1
4720	1
4723	1
4725	1
4726	1
4727	1
4733	1
4736	1
4675	1
4742	1
4738	1
4740	1
4744	1
4746	1
4741	1
4749	1
4750	1
4751	1
4754	1
4752	1
4753	1
4755	1
4756	1
4757	1
4759	1
4760	1
4761	1
4762	1
4763	1
4766	1
4773	1
4774	1
4782	1
4785	1
4787	1
4790	1
4794	1
4800	1
4803	1
4804	1
4805	1
4806	1
4807	1
4810	1
4816	1
4817	1
4818	1
4819	1
4823	1
4826	1
4830	1
4857	1
4834	1
4835	1
4836	1
4839	1
4858	1
4841	1
4842	1
4859	1
4845	1
4847	1
4848	1
4850	1
4861	1
4863	1
4853	1
4855	1
4885	1
4890	1
4891	1
4893	1
4898	1
4900	1
4901	1
4931	1
4932	1
4935	1
4936	1
4937	1
4945	1
4947	1
4950	1
4951	1
4952	1
4957	1
4963	1
4965	1
4969	1
4971	1
4972	1
4973	1
4975	1
4976	1
4978	1
4979	1
4982	1
4985	1
4995	1
4996	1
5003	1
5005	1
4897	1
5006	1
5008	1
5009	1
5018	1
5035	1
5036	1
5039	1
5040	1
5046	1
5047	1
5052	1
5057	1
5062	1
5063	1
5065	1
5071	1
5077	1
5078	1
5081	1
5084	1
5086	1
5087	1
5088	1
5090	1
5091	1
5097	1
7297	1
5104	1
5105	1
5109	1
5111	1
5112	1
5119	1
5122	1
5127	1
5128	1
5129	1
5124	1
5126	1
5135	1
5138	1
5142	1
5183	1
5192	1
5195	1
5198	1
5202	1
5218	1
5219	1
5220	1
5221	1
5232	1
5238	1
5242	1
5244	1
5249	1
5261	1
4407	1
5265	1
5277	1
5278	1
5282	1
5294	1
5299	1
5300	1
5314	1
5315	1
5322	1
5345	1
5346	1
5348	1
5353	1
5365	1
5366	1
5367	1
5385	1
5395	1
5397	1
5405	1
5431	1
5476	1
5517	1
5518	1
5519	1
5520	1
5521	1
5522	1
5523	1
5525	1
5530	1
5535	1
5537	1
5542	1
5594	1
5595	1
5598	1
5599	1
5601	1
5602	1
5603	1
5607	1
5609	1
5611	1
5613	1
5652	1
5653	1
5669	1
5710	1
5711	1
5712	1
5717	1
5718	1
5764	1
5765	1
5786	1
5842	1
5840	1
5841	1
5895	1
4927	1
5917	1
5937	1
5941	1
6028	1
4406	1
6355	1
6519	1
6521	1
7065	1
7187	1
7219	1
7218	1
7392	1
7427	1
7429	1
7430	1
7431	1
5910	1
7985	1
5254	2
5543	2
7478	2
1701	2
1982	2
4037	2
4134	2
4792	2
5697	2
6227	2
6330	2
6624	2
6765	2
6790	2
6965	2
7161	2
7632	2
1191	2
1374	2
1542	2
2273	2
2490	2
3830	2
4709	2
5037	2
5802	2
6170	2
6496	2
6715	2
6739	2
737	2
4600	2
4645	2
7871	2
425	2
896	2
2774	2
3027	2
5327	2
5714	2
5775	2
5780	2
5814	2
5818	2
6229	2
6262	2
6780	2
7726	2
2276	2
3586	2
3792	2
3910	2
4276	2
4310	2
4338	2
4712	2
4944	2
5123	2
5341	2
5423	2
5484	2
5511	2
5596	2
5863	2
6097	2
6272	2
6441	2
6566	2
6833	2
6855	2
6869	2
6948	2
6955	2
7119	2
7143	2
7144	2
6251	2
2620	2
4099	2
4483	2
4574	2
4717	2
4781	2
4929	2
5022	2
5529	2
5605	2
5799	2
5804	2
5822	2
5897	2
6006	2
6044	2
6151	2
6437	2
7115	2
7289	2
7908	2
8174	2
6123	2
6458	2
7108	2
4687	2
4795	2
4875	2
5439	2
6306	2
6432	2
7092	2
8295	2
3897	2
5922	2
6875	2
8212	2
4666	2
4764	2
5079	2
5640	2
5998	2
840	2
5404	2
5545	2
5582	2
6198	2
6498	2
6503	2
6913	2
6946	2
7040	2
7052	2
7295	2
5378	2
8237	2
3015	2
5624	2
6166	2
7624	2
2369	2
4715	2
4828	2
5210	2
5743	2
5844	2
6246	2
5614	2
7961	2
3238	2
3459	2
3498	2
4994	2
5061	2
5321	2
5524	2
5683	2
6004	2
6774	2
6832	2
6979	2
7050	2
7279	2
7620	2
8042	2
8128	2
2160	2
3310	2
5028	2
5936	2
6094	2
6327	2
6914	2
6930	2
7553	2
5671	2
7809	2
7921	2
2764	2
2925	2
3873	2
3962	2
4632	2
4748	2
5020	2
5072	2
5200	2
5308	2
5392	2
5415	2
5584	2
5630	2
5684	2
5732	2
5737	2
5790	2
5798	2
5963	2
6156	2
6174	2
6296	2
6337	2
6400	2
6407	2
6553	2
6737	2
7381	2
7649	2
7662	2
8141	2
1612	2
99	2
1498	2
3293	2
4071	2
5812	2
6560	2
6592	2
6634	2
6918	2
7574	2
7588	2
7803	2
8132	2
2851	2
4536	2
5452	2
5800	2
5872	2
6589	2
6665	2
6967	2
7074	2
7618	2
1159	2
2001	2
2440	2
2765	2
3634	2
4604	2
4791	2
4884	2
4981	2
5002	2
5096	2
5179	2
5188	2
5226	2
5233	2
5262	2
5288	2
5351	2
5430	2
5437	2
5445	2
5457	2
5463	2
5527	2
5620	2
5637	2
5639	2
5655	2
5680	2
5721	2
5745	2
5806	2
5839	2
5860	2
5886	2
5902	2
5925	2
5933	2
5972	2
5994	2
6083	2
6098	2
6124	2
6130	2
6505	2
6599	2
6682	2
6784	2
7063	2
7094	2
7168	2
7233	2
7341	2
7544	2
7795	2
7839	2
8051	2
8178	2
109	2
1074	2
2511	2
3752	2
4361	2
4786	2
4798	2
4940	2
5140	2
5273	2
5295	2
5465	2
5479	2
5563	2
5626	2
5739	2
5760	2
5819	2
5824	2
5827	2
5829	2
5871	2
6001	2
6043	2
6328	2
6344	2
6376	2
6417	2
6442	2
6464	2
6481	2
6511	2
6523	2
6528	2
6529	2
6552	2
6555	2
6567	2
6576	2
6596	2
6600	2
6699	2
6770	2
6788	2
6860	2
6901	2
6934	2
6951	2
6980	2
7005	2
7021	2
7047	2
7101	2
7185	2
7225	2
7280	2
7373	2
7393	2
7400	2
7414	2
7668	2
7694	2
7757	2
7763	2
7788	2
7810	2
7924	2
8297	2
4435	2
7855	2
7862	2
3393	2
4530	2
4964	2
4977	2
5155	2
5335	2
5454	2
5506	2
5509	2
5592	2
5651	2
5947	2
7699	2
5178	2
7651	2
5928	2
7012	2
1493	2
3297	2
3346	2
3919	2
4713	2
5482	2
5738	2
5950	2
5980	2
6000	2
6299	2
6472	2
6628	2
6670	2
6707	2
6725	2
6777	2
6805	2
6938	2
6953	2
7054	2
7301	2
7442	2
5189	2
6720	2
155	2
6923	2
6993	2
7116	2
7493	2
7587	2
7604	2
7647	2
7648	2
7652	2
7672	2
7701	2
7927	2
4689	2
6269	2
6414	2
6606	2
6994	2
7813	2
1733	2
5246	2
6305	2
6945	2
7695	2
8079	2
8083	2
8134	2
8163	2
8198	2
5263	2
8121	2
5773	2
5828	2
6840	2
3726	2
4432	2
2785	2
4983	2
3191	2
4041	2
5176	2
5182	2
5969	2
6029	2
5753	2
4534	2
6595	2
7833	2
967	2
4527	2
6347	2
6570	2
7910	2
8037	2
5887	2
7443	2
7497	2
7688	2
6221	2
7450	2
6388	2
7277	2
7422	2
395	2
4175	2
4341	2
5199	2
6976	2
7512	2
7890	2
398	2
6890	2
4846	2
4980	2
5559	2
5568	2
5817	2
7306	2
5384	2
5487	2
5811	2
5835	2
6241	2
6255	2
6323	2
6424	2
6447	2
6613	2
6803	2
6809	2
6813	2
6982	2
7131	2
7351	2
7707	2
4653	2
5466	2
5693	2
434	2
7992	2
457	2
2277	2
4488	2
4507	2
4824	2
4879	2
4899	2
4986	2
5012	2
5045	2
5121	2
5148	2
5285	2
5289	2
5513	2
5623	2
5638	2
5663	2
5705	2
5757	2
5776	2
5792	2
5801	2
5809	2
5830	2
5832	2
5850	2
5891	2
5931	2
5932	2
5973	2
5991	2
6009	2
6010	2
6021	2
6032	2
6106	2
6149	2
6161	2
6218	2
6243	2
6261	2
6270	2
6302	2
6334	2
6409	2
6422	2
6474	2
6491	2
6554	2
6571	2
6594	2
6632	2
6663	2
6668	2
6685	2
6686	2
6783	2
6873	2
6897	2
6907	2
7034	2
7073	2
7237	2
7238	2
7389	2
7491	2
7529	2
7561	2
7791	2
7835	2
7860	2
7946	2
7957	2
7965	2
7979	2
8044	2
8050	2
8209	2
8219	2
8224	2
8226	2
8249	2
525	2
7646	2
5298	2
5807	2
6421	2
6590	2
580	2
2258	2
5103	2
5500	2
6892	2
7912	2
5469	2
1403	2
3554	2
5539	2
6148	2
2223	2
3808	2
5326	2
6714	2
1823	2
1865	2
5064	2
5772	2
6047	2
6280	2
6320	2
6618	2
6700	2
6736	2
6759	2
6772	2
6789	2
6917	2
6924	2
6933	2
7162	2
7186	2
7323	2
7386	2
7391	2
7397	2
7449	2
7517	2
7567	2
7593	2
7658	2
7666	2
7669	2
7673	2
7675	2
7730	2
7778	2
7799	2
7819	2
7874	2
8168	2
8192	2
8204	2
5301	2
6712	2
7214	2
7691	2
5215	2
7683	2
4777	2
5673	2
3000	2
3348	2
3381	2
5432	2
5650	2
5837	2
6501	2
7510	2
7879	2
7882	2
8073	2
7378	2
2914	2
5709	2
6360	2
7899	2
5426	2
7250	2
8246	2
4550	2
7407	2
7439	2
950	2
3809	2
5417	2
8122	2
8124	2
8130	2
3885	2
5784	2
6027	2
7436	2
1003	2
1004	2
1041	2
5309	2
6311	2
1063	2
5499	2
6755	2
6769	2
6850	2
1098	2
6568	2
6806	2
7059	2
7060	2
7110	2
7120	2
7201	2
7262	2
7634	2
8002	2
5635	2
5977	2
6226	2
5141	2
2376	2
6023	2
6164	2
1207	2
1244	2
2956	2
1365	2
7088	2
1401	2
5706	2
6462	2
1539	2
6059	2
6096	2
4009	2
1554	2
1010	2
8149	2
8235	2
8148	2
1530	2
1667	2
8019	2
1674	2
6723	2
1694	2
1695	2
2552	2
1698	2
1699	2
1720	2
1722	2
1737	2
6340	2
8275	2
1762	2
1796	2
5569	2
5296	2
8186	2
5208	2
7146	2
1867	2
1874	2
1879	2
1914	2
1937	2
6621	2
6762	2
2010	2
2037	2
6111	2
2059	2
2096	2
6321	2
7994	2
8225	2
2192	2
8033	2
2249	2
2267	2
2268	2
2269	2
2270	2
5393	2
7490	2
8175	2
2278	2
2283	2
6055	2
2295	2
3770	2
2330	2
2331	2
2342	2
5255	2
5467	2
5564	2
5664	2
6041	2
6107	2
6235	2
7928	2
2387	2
5354	2
7304	2
2444	2
2452	2
2458	2
2480	2
2481	2
2489	2
2493	2
8296	2
5311	2
5926	2
6532	2
2545	2
6435	2
5406	2
2562	2
6942	2
7319	2
7362	2
7857	2
7996	2
8068	2
8169	2
5713	2
4625	2
6080	2
5387	2
5240	2
5533	2
5956	2
6109	2
6543	2
5260	2
8024	2
2677	2
2680	2
6105	2
5368	2
5514	2
5756	2
6078	2
2738	2
7423	2
2739	2
2744	2
2782	2
2783	2
2784	2
2793	2
2802	2
2839	2
2855	2
2867	2
2886	2
2889	2
2905	2
2908	2
7254	2
4934	2
4992	2
5694	2
6611	2
7023	2
7734	2
2983	2
5442	2
6427	2
6475	2
7290	2
3088	2
3090	2
6530	2
7440	2
3142	2
3176	2
3210	2
3227	2
3247	2
3270	2
3340	2
3345	2
3354	2
3355	2
3360	2
3356	2
3357	2
3358	2
3359	2
3361	2
3362	2
3389	2
5882	2
6307	2
8263	2
6225	2
6724	2
6920	2
7222	2
5306	2
5471	2
6054	2
6826	2
5363	2
3471	2
3478	2
3535	2
3545	2
3563	2
4265	2
6162	2
3585	2
6680	2
3593	2
3600	2
3642	2
6721	2
3662	2
3665	2
3683	2
3692	2
5481	2
7387	2
2067	2
3723	2
3722	2
3571	2
3747	2
3749	2
3751	2
3679	2
3764	2
3786	2
5778	2
3845	2
8038	2
3877	2
3889	2
3900	2
5588	2
3916	2
3925	2
3929	2
3932	2
3960	2
4886	2
3965	2
7062	2
4966	2
6278	2
3978	2
3982	2
3989	2
3983	2
3984	2
4036	2
6709	2
7149	2
4046	2
7257	2
4082	2
4116	2
6858	2
4126	2
4129	2
4130	2
4140	2
4144	2
4145	2
4164	2
4169	2
4187	2
4192	2
4200	2
3995	2
4205	2
4221	2
4257	2
7315	2
4291	2
4314	2
4319	2
4326	2
4345	2
4343	2
4347	2
7952	2
8090	2
4353	2
4364	2
4366	2
4369	2
4383	2
4395	2
4416	2
4425	2
4426	2
4437	2
4443	2
4447	2
4451	2
4455	2
4539	2
4456	2
4476	2
8139	2
4486	2
5726	2
5955	2
4489	2
4524	2
4542	2
4544	2
7434	2
4543	2
5434	2
5570	2
4576	2
4598	2
4602	2
4616	2
4624	2
4630	2
4487	2
4640	2
4652	2
8043	2
4672	2
4667	2
4673	2
4668	2
4669	2
4670	2
4671	2
4674	2
4686	2
4714	2
2621	2
4721	2
4737	2
5838	2
4739	2
4743	2
4771	2
4788	2
4789	2
7909	2
4793	2
4799	2
4813	2
5310	2
4825	2
4829	2
6856	2
4832	2
4833	2
4837	2
4838	2
4840	2
4843	2
4844	2
4860	2
4849	2
4862	2
4851	2
4852	2
4854	2
4867	2
4868	2
4873	2
4801	2
4871	2
4869	2
4874	2
4872	2
7557	2
4881	2
4882	2
4883	2
4889	2
4894	2
6088	2
4905	2
4923	2
4908	2
4924	2
4910	2
4911	2
4913	2
4915	2
4916	2
4917	2
4918	2
4925	2
4919	2
4920	2
4926	2
4921	2
8028	2
4943	2
4948	2
4960	2
7204	2
7243	2
4967	2
5880	2
6661	2
6950	2
4970	2
4974	2
7642	2
2346	2
4988	2
4989	2
4864	2
5000	2
5001	2
5010	2
5011	2
5013	2
5016	2
5017	2
5019	2
5024	2
5029	2
5031	2
5032	2
5038	2
5048	2
5051	2
5053	2
5054	2
5059	2
7318	2
5060	2
5067	2
5068	2
5145	2
6778	2
8277	2
5080	2
5085	2
5089	2
5095	2
5099	2
5098	2
7365	2
5102	2
6681	2
5110	2
5114	2
5665	2
5116	2
5117	2
5118	2
5125	2
5050	2
5136	2
5139	2
5150	2
5151	2
5152	2
5153	2
5160	2
5166	2
5171	2
5172	2
5173	2
5174	2
5175	2
5177	2
7653	2
5180	2
5181	2
5184	2
5185	2
5186	2
5187	2
5754	2
7498	2
7913	2
5190	2
5191	2
5194	2
5196	2
5197	2
5201	2
7520	2
5203	2
5207	2
5209	2
5213	2
5214	2
5216	2
5217	2
8058	2
5241	2
5243	2
5250	2
5247	2
5248	2
5275	2
5276	2
5280	2
5281	2
5283	2
5287	2
5284	2
5286	2
5290	2
5291	2
5313	2
5316	2
5317	2
5320	2
5324	2
5328	2
5329	2
5330	2
5333	2
5332	2
5334	2
5336	2
5339	2
5337	2
5342	2
5343	2
5344	2
5347	2
5352	2
5355	2
4591	2
5356	2
5357	2
5358	2
5264	2
5360	2
5361	2
5376	2
5377	2
5380	2
5381	2
5382	2
5386	2
5390	2
5391	2
5398	2
5399	2
5400	2
5401	2
5416	2
5418	2
5424	2
5419	2
5422	2
5427	2
5428	2
5429	2
5435	2
5436	2
5438	2
5440	2
5643	2
7359	2
5446	2
5447	2
5448	2
5456	2
5455	2
5460	2
5461	2
5468	2
5472	2
5473	2
5474	2
5475	2
5477	2
5478	2
5480	2
5483	2
5485	2
5486	2
5488	2
5489	2
5490	2
5491	2
5494	2
5495	2
5496	2
5462	2
5497	2
5501	2
5504	2
5505	2
5507	2
5508	2
5510	2
5512	2
5515	2
5516	2
7740	2
5526	2
5531	2
5528	2
5532	2
5534	2
5193	2
5544	2
5548	2
5549	2
5550	2
5551	2
5554	2
5552	2
5553	2
5555	2
5558	2
5561	2
5562	2
5565	2
5566	2
5567	2
5571	2
5572	2
5573	2
5577	2
5576	2
5578	2
5579	2
5580	2
5581	2
5583	2
5587	2
5589	2
5591	2
5600	2
5604	2
5606	2
5608	2
5612	2
5615	2
5616	2
5622	2
5396	2
5627	2
5782	2
5625	2
5628	2
5629	2
5633	2
5644	2
5636	2
5645	2
5646	2
5648	2
5649	2
7246	2
7273	2
7534	2
5656	2
5657	2
5658	2
5659	2
5660	2
5661	2
5662	2
5668	2
5647	2
5667	2
5670	2
5674	2
5675	2
5682	2
5686	2
5685	2
5687	2
5688	2
5689	2
5690	2
5691	2
5692	2
5696	2
5702	2
5703	2
5704	2
5708	2
5707	2
5720	2
5722	2
5729	2
5730	2
5731	2
5733	2
5735	2
5741	2
4418	2
5744	2
5746	2
5750	2
5747	2
5748	2
5749	2
5751	2
5752	2
5755	2
5761	2
5763	2
5768	2
5769	2
5770	2
5771	2
5774	2
5781	2
5783	2
5785	2
5787	2
5788	2
5789	2
5794	2
5796	2
5797	2
7583	2
8271	2
5803	2
6756	2
7533	2
5805	2
5808	2
5810	2
5813	2
6987	2
7508	2
5815	2
6871	2
5816	2
5820	2
5821	2
7690	2
5823	2
5833	2
5834	2
5836	2
5846	2
5852	2
5853	2
5854	2
3788	2
5855	2
5856	2
5857	2
5859	2
5861	2
5862	2
5864	2
5866	2
5868	2
7506	2
5873	2
5874	2
5875	2
5876	2
5877	2
5878	2
5883	2
5884	2
5885	2
5888	2
5889	2
5890	2
5590	2
5892	2
5896	2
5899	2
5070	2
5903	2
4767	2
5907	2
5911	2
5908	2
5909	2
5913	2
5915	2
5916	2
5914	2
5919	2
5920	2
5921	2
5923	2
5924	2
5927	2
5930	2
5934	2
5935	2
5938	2
5942	2
5939	2
5940	2
5944	2
5945	2
5946	2
5952	2
5962	2
5964	2
5958	2
5966	2
5959	2
5960	2
5093	2
5961	2
5981	2
5982	2
5983	2
5984	2
5985	2
5986	2
5987	2
5988	2
5989	2
5990	2
5992	2
5993	2
5967	2
5999	2
8276	2
6005	2
6003	2
6007	2
6013	2
4409	2
6014	2
6015	2
6016	2
6017	2
6018	2
6019	2
6020	2
6024	2
6022	2
6026	2
6030	2
6031	2
5978	2
6033	2
6034	2
6036	2
6037	2
6035	2
6038	2
6039	2
6042	2
6045	2
6046	2
6048	2
6049	2
6050	2
6051	2
6052	2
6053	2
6056	2
6057	2
6058	2
6060	2
6061	2
6062	2
6063	2
6064	2
6066	2
6070	2
6071	2
6072	2
6067	2
6068	2
6069	2
6073	2
6074	2
6075	2
6077	2
6079	2
6081	2
6082	2
6091	2
6092	2
6093	2
6108	2
6116	2
6112	2
6113	2
6114	2
6118	2
6119	2
6120	2
6121	2
6126	2
6129	2
6128	2
6127	2
6133	2
6134	2
6135	2
6141	2
6142	2
6143	2
6144	2
6145	2
6146	2
6147	2
6150	2
6152	2
6153	2
6155	2
6158	2
6157	2
6160	2
6165	2
6168	2
6169	2
6175	2
6176	2
6177	2
6179	2
6180	2
6182	2
6200	2
6202	2
6204	2
6190	2
6207	2
6208	2
6212	2
6213	2
6214	2
6215	2
6216	2
6217	2
6219	2
6220	2
6224	2
6222	2
6223	2
6230	2
6228	2
6232	2
6236	2
6239	2
6240	2
7590	2
6242	2
6244	2
6245	2
6247	2
6248	2
6252	2
6253	2
6254	2
6263	2
6264	2
6265	2
6271	2
6273	2
6274	2
6275	2
6276	2
6282	2
6281	2
6286	2
6287	2
6288	2
6291	2
6292	2
6293	2
6294	2
6297	2
6295	2
6301	2
6304	2
6312	2
6313	2
6314	2
6315	2
6319	2
6132	2
6317	2
6324	2
6325	2
6326	2
6331	2
6332	2
6333	2
6339	2
6346	2
6348	2
6349	2
6350	2
5995	2
6356	2
6359	2
6298	2
6366	2
6351	2
6371	2
6374	2
6375	2
6377	2
6378	2
6379	2
6380	2
6381	2
7215	2
6383	2
6387	2
5965	2
6389	2
6391	2
6392	2
6393	2
6394	2
6399	2
6395	2
6396	2
6397	2
6398	2
6406	2
6408	2
6410	2
6411	2
6412	2
6413	2
6415	2
6416	2
6983	2
6423	2
6426	2
6429	2
6428	2
6430	2
6431	2
6436	2
6439	2
6440	2
6443	2
6444	2
6448	2
6445	2
850	2
6446	2
6450	2
6451	2
6452	2
6453	2
6454	2
6455	2
6456	2
6457	2
6459	2
6461	2
6466	2
6467	2
6468	2
6469	2
6470	2
6471	2
6477	2
6479	2
6478	2
6480	2
6483	2
6484	2
6485	2
6486	2
6487	2
6488	2
6489	2
6490	2
6492	2
6493	2
6494	2
8025	2
6497	2
6500	2
6502	2
6504	2
6506	2
6507	2
6508	2
6509	2
6510	2
6513	2
6514	2
6515	2
6516	2
6517	2
6518	2
6520	2
6522	2
6524	2
6525	2
6526	2
6527	2
6460	2
7765	2
6533	2
6534	2
6537	2
6535	2
6538	2
6539	2
6536	2
6541	2
6542	2
6544	2
6545	2
6546	2
6547	2
6548	2
6550	2
6561	2
6565	2
6572	2
6573	2
6574	2
6575	2
6563	2
7840	2
6577	2
6598	2
6601	2
6602	2
6603	2
6604	2
6605	2
6607	2
6608	2
6612	2
6619	2
6614	2
6615	2
6616	2
6617	2
6622	2
6623	2
6625	2
6627	2
6626	2
6630	2
5943	2
6636	2
6633	2
6635	2
6643	2
6644	2
6645	2
6646	2
6647	2
6655	2
6648	2
6649	2
6650	2
6651	2
6652	2
6653	2
6654	2
6656	2
6657	2
6658	2
6609	2
6660	2
6551	2
6666	2
6671	2
6672	2
6673	2
6674	2
6675	2
6676	2
6677	2
6678	2
6679	2
6683	2
6684	2
6695	2
6696	2
6697	2
6698	2
6701	2
6702	2
6703	2
6705	2
6706	2
6710	2
6711	2
6713	2
6718	2
6717	2
6719	2
6727	2
6728	2
6729	2
6730	2
6731	2
6732	2
6734	2
6735	2
6738	2
6744	2
6745	2
6746	2
6749	2
6726	2
6752	2
6753	2
6758	2
6760	2
6761	2
6764	2
6766	2
6767	2
6768	2
6771	2
8021	2
6775	2
6773	2
6779	2
6781	2
6782	2
6787	2
6793	2
6794	2
6795	2
6797	2
6798	2
6800	2
6801	2
6802	2
6804	2
6808	2
6807	2
6810	2
6812	2
6811	2
6815	2
6816	2
6818	2
6819	2
5269	2
6821	2
6822	2
6824	2
6776	2
6828	2
6829	2
6834	2
6835	2
6836	2
6837	2
6841	2
6842	2
6843	2
6844	2
6845	2
6846	2
6848	2
6847	2
6852	2
6854	2
6859	2
6620	2
6861	2
6862	2
6863	2
6864	2
6866	2
6867	2
6865	2
6870	2
6876	2
6877	2
6878	2
6880	2
6881	2
6883	2
6884	2
6885	2
6747	2
6886	2
5410	2
6895	2
6896	2
6899	2
6900	2
6902	2
6905	2
6915	2
6906	2
6908	2
6909	2
2415	2
6910	2
6916	2
6911	2
6912	2
6921	2
6922	2
6926	2
6927	2
6928	2
6929	2
6935	2
6936	2
6940	2
6941	2
6943	2
6949	2
6947	2
6954	2
7636	2
7881	2
7991	2
8007	2
6959	2
6692	2
6958	2
6960	2
6961	2
6962	2
6963	2
6968	2
6969	2
6316	2
6971	2
6972	2
6974	2
6975	2
6978	2
6981	2
6984	2
6985	2
6990	2
6991	2
6995	2
6998	2
6999	2
7000	2
7001	2
7002	2
7003	2
7004	2
7006	2
7007	2
7008	2
7009	2
7010	2
7011	2
7013	2
7014	2
7015	2
7016	2
7017	2
7018	2
7019	2
7020	2
7022	2
7024	2
7025	2
7026	2
7027	2
7028	2
7029	2
7035	2
7036	2
7037	2
7043	2
7044	2
7051	2
7045	2
7053	2
7046	2
7055	2
7048	2
7056	2
7049	2
7057	2
7030	2
7061	2
7064	2
7038	2
7072	2
7070	2
7071	2
7079	2
7080	2
7797	2
7082	2
7085	2
7087	2
7086	2
7084	2
7090	2
5015	2
7089	2
7096	2
7095	2
7098	2
7099	2
7100	2
7103	2
7104	2
7106	2
7107	2
7109	2
7111	2
7112	2
7113	2
7114	2
7118	2
7117	2
7121	2
7123	2
7122	2
7124	2
7125	2
7127	2
7128	2
7129	2
7136	2
7130	2
7137	2
7126	2
7132	2
7133	2
7138	2
7134	2
7139	2
7140	2
7135	2
6986	2
7142	2
7145	2
7151	2
7153	2
7154	2
7155	2
7156	2
7157	2
7160	2
7158	2
7159	2
7163	2
7164	2
7165	2
7166	2
7167	2
7172	2
7173	2
7174	2
7175	2
7178	2
7179	2
7176	2
7177	2
7183	2
7184	2
7188	2
7189	2
7192	2
7193	2
6889	2
7197	2
7198	2
7203	2
7205	2
7206	2
7210	2
7211	2
7212	2
7217	2
7220	2
7221	2
7223	2
7226	2
7227	2
7228	2
7229	2
5143	2
7230	2
7231	2
7232	2
7234	2
7235	2
7236	2
7239	2
7240	2
7241	2
7245	2
7251	2
7252	2
7253	2
7255	2
7260	2
7265	2
7266	2
7267	2
7268	2
7269	2
7270	2
7271	2
7276	2
7278	2
7282	2
7283	2
7284	2
7285	2
7286	2
7287	2
7293	2
5949	2
7296	2
7298	2
7299	2
7300	2
7302	2
7305	2
7171	2
7309	2
7310	2
7317	2
7320	2
7294	2
7326	2
7327	2
7281	2
7329	2
7333	2
7330	2
7332	2
7335	2
7336	2
7337	2
7342	2
7345	2
7343	2
7344	2
7347	2
7348	2
7349	2
7350	2
7352	2
7353	2
7354	2
7355	2
7360	2
7363	2
7371	2
7374	2
7377	2
7379	2
7380	2
7357	2
7199	2
7382	2
7383	2
7390	2
7321	2
7394	2
7170	2
7401	2
7402	2
7403	2
7404	2
7405	2
7409	2
7413	2
7416	2
7417	2
7418	2
7419	2
7420	2
7421	2
7424	2
7425	2
7426	2
7428	2
7441	2
7444	2
6139	2
7448	2
7445	2
7446	2
7447	2
7451	2
7452	2
7453	2
7181	2
7180	2
7454	2
7455	2
7456	2
7457	2
7458	2
7459	2
7461	2
7462	2
7473	2
7474	2
7468	2
7469	2
7476	2
7477	2
7470	2
4532	2
7480	2
7481	2
7482	2
7483	2
7484	2
7485	2
7486	2
7487	2
7492	2
7501	2
7502	2
7503	2
7505	2
7509	2
7471	2
7511	2
7514	2
7515	2
7513	2
7518	2
7376	2
7522	2
7523	2
7524	2
7525	2
7527	2
7528	2
7531	2
7538	2
7540	2
7535	2
7536	2
7537	2
7549	2
7545	2
7546	2
7550	2
7554	2
7563	2
7564	2
7415	2
7150	2
7565	2
7569	2
7570	2
7571	2
7572	2
7578	2
8165	2
7579	2
7580	2
7585	2
7586	2
7594	2
7595	2
7597	2
7598	2
7599	2
7600	2
7602	2
7605	2
7608	2
7610	2
7611	2
7613	2
7609	2
7614	2
7615	2
7616	2
7617	2
7619	2
7623	2
7625	2
7626	2
7630	2
7629	2
7639	2
7638	2
7601	2
7644	2
7645	2
7986	2
7659	2
7660	2
7650	2
7661	2
7663	2
7664	2
7665	2
7670	2
7676	2
7677	2
7678	2
7679	2
7682	2
7684	2
7685	2
7687	2
7686	2
7696	2
7697	2
7698	2
7703	2
7704	2
7705	2
7706	2
7715	2
7716	2
7719	2
6367	2
7717	2
7720	2
7721	2
7724	2
7728	2
7727	2
7729	2
7732	2
7733	2
7736	2
7737	2
7738	2
7741	2
7742	2
7743	2
7744	2
7745	2
7747	2
7750	2
7751	2
7752	2
7753	2
7755	2
7756	2
7758	2
7759	2
7760	2
7761	2
7762	2
7766	2
7767	2
7768	2
7769	2
7770	2
7771	2
7772	2
7773	2
7774	2
7775	2
7777	2
7779	2
7780	2
7781	2
7782	2
7783	2
7789	2
7790	2
7792	2
7796	2
7800	2
7804	2
7801	2
7805	2
7802	2
7806	2
7808	2
7812	2
7814	2
7815	2
7818	2
7821	2
7822	2
7826	2
7827	2
7828	2
7829	2
7830	2
7831	2
7832	2
7834	2
7836	2
7837	2
7841	2
7842	2
7843	2
7844	2
7845	2
7848	2
7849	2
7852	2
7850	2
7851	2
6638	2
7853	2
7854	2
7856	2
7754	2
7863	2
7864	2
7865	2
7866	2
7867	2
7868	2
7870	2
7873	2
7875	2
7877	2
7878	2
7885	2
7883	2
7884	2
7886	2
7887	2
7888	2
7889	2
7891	2
7892	2
7893	2
7372	2
7894	2
7900	2
7901	2
7902	2
7903	2
7904	2
7905	2
7906	2
7907	2
7911	2
7869	2
7914	2
7915	2
7916	2
7919	2
7920	2
7922	2
7923	2
7925	2
7930	2
7929	2
7932	2
7933	2
7931	2
7934	2
7935	2
7937	2
7938	2
7939	2
7940	2
7941	2
7942	2
7944	2
7945	2
7948	2
7949	2
7950	2
7953	2
7954	2
7955	2
7956	2
7959	2
7960	2
7964	2
7966	2
7968	2
7969	2
7967	2
7970	2
7974	2
7975	2
7976	2
7978	2
7980	2
7993	2
7995	2
7998	2
7999	2
8000	2
8001	2
8005	2
8006	2
8009	2
8010	2
8011	2
8012	2
8013	2
8020	2
8027	2
8035	2
8036	2
8040	2
8041	2
8045	2
8046	2
8047	2
8048	2
8049	2
8052	2
8053	2
8054	2
8055	2
8056	2
8057	2
8060	2
8061	2
8062	2
8063	2
8064	2
8065	2
8066	2
8069	2
8070	2
8071	2
8072	2
8077	2
8080	2
8081	2
8023	2
8084	2
8085	2
8086	2
8087	2
8091	2
8092	2
8093	2
8094	2
8095	2
8096	2
8098	2
8099	2
8100	2
8101	2
8102	2
8108	2
8103	2
8104	2
8105	2
8111	2
8112	2
8106	2
8107	2
8114	2
8115	2
8109	2
8110	2
8118	2
8119	2
8120	2
8126	2
8131	2
8133	2
8135	2
8138	2
8136	2
8097	2
8137	2
8140	2
8142	2
8144	2
8145	2
8146	2
8147	2
8152	2
8153	2
8155	2
8156	2
8158	2
8159	2
8157	2
8161	2
8162	2
8166	2
8167	2
8170	2
8171	2
8172	2
8173	2
8177	2
7472	2
8179	2
8184	2
8180	2
8181	2
8182	2
8183	2
8187	2
8189	2
7861	2
8190	2
8193	2
8194	2
8195	2
8196	2
8197	2
8199	2
8202	2
8203	2
8206	2
8205	2
8211	2
8213	2
8215	2
8216	2
8221	2
8222	2
8231	2
8232	2
8233	2
8236	2
8214	2
8238	2
8241	2
8242	2
8243	2
8244	2
8245	2
8248	2
8229	2
8251	2
8252	2
8253	2
8254	2
8255	2
8256	2
8260	2
8261	2
8262	2
8264	2
8265	2
8266	2
7637	2
8270	2
8272	2
8273	2
8150	2
8274	2
2470	3
1548	3
5162	3
2185	3
2092	3
2247	3
2112	3
1059	3
1132	3
1341	3
1342	3
2244	3
2011	3
2042	3
2018	3
2044	3
2033	3
2036	3
2084	3
2088	3
2183	3
2184	3
2188	3
2197	3
2198	3
2437	3
2373	3
2438	3
2462	3
2463	3
2439	3
2441	3
2442	3
2443	3
2445	3
2446	3
2094	3
2447	3
2448	3
2449	3
2450	3
2451	3
2453	3
2454	3
2455	3
2465	3
2457	3
2466	3
2459	3
2460	3
2461	3
2866	3
2862	3
2863	3
2467	3
2896	3
2568	3
2887	3
2888	3
2464	3
2890	3
2891	3
2892	3
2893	3
2894	3
2895	3
3890	3
4308	3
4693	3
4765	3
4821	3
4870	3
5154	3
5158	3
5159	3
5161	3
5167	3
5163	3
5164	3
5540	3
5541	3
4561	4
4232	4
4560	4
2285	5
1943	5
2282	5
2308	5
2310	5
2311	5
2312	5
2313	5
2314	5
2315	5
2309	5
2316	5
5375	5
2317	5
2318	5
2319	5
2320	5
2321	5
3233	5
3425	5
3492	5
3495	5
3491	5
3499	5
5370	5
5371	5
5372	5
5373	5
5374	5
6578	5
6579	5
6580	5
6586	5
6581	5
6582	5
6583	5
6587	5
6584	5
6588	5
6585	5
3713	6
3711	6
3712	6
6691	7
6687	7
6688	7
6689	7
6690	7
6904	8
6903	8
554	9
2910	9
2906	9
2907	9
3594	9
5253	10
5252	10
5251	10
7042	11
7041	11
2304	12
2305	12
5231	13
5224	13
5227	13
5228	13
5225	13
5229	13
5230	13
2113	14
2420	14
2419	14
2931	15
7316	15
6495	15
4086	16
4085	16
4866	17
5069	17
3063	18
7735	18
3701	19
3700	19
3194	20
3195	20
3244	21
3245	21
3578	22
3708	22
5133	23
4592	23
3797	24
3795	24
4991	25
4526	25
4237	26
4236	26
4167	27
4168	27
7292	28
7291	28
4540	29
4541	29
5413	30
5414	30
5678	31
5679	31
5766	32
5767	32
5970	33
5971	33
5997	34
6791	34
6641	35
6639	35
6002	36
6025	36
6089	37
6090	37
6100	38
6101	38
6258	39
6259	39
6266	40
6267	40
6751	41
6757	41
7031	42
7033	42
7032	42
7190	43
7191	43
7194	44
7195	44
7465	45
7467	45
7466	45
7494	46
7495	46
7972	47
7973	47
7981	48
7982	48
8014	49
8015	49
8074	50
8076	50
8075	50
8088	51
8089	51
